0.900397
0.964081
0.303302
0.604720
0.521887
0.347921
0.510838
0.653192
0.192972
0.272113
0.408250
0.452413
0.710244
0.064237
0.630593
0.385047
0.488413
0.758852
0.033966
0.860852
0.343614
0.124631
0.677589
0.233910
0.322201
0.237916
0.653677
0.349207
0.114951
0.983565
0.770097
0.021178
0.942350
0.083292
0.892002
0.879163
0.090971
0.957018
0.594170
0.217135
0.380473
0.613627
0.230994
0.310519
0.887280
0.507280
0.853352
0.288260
0.792206
0.600497
0.553286
0.074960
0.854996
0.918975
0.217885
0.988715
0.332637
0.627023
0.379797
0.242914
0.661659
0.494851
0.952812
0.905526
0.182393
0.482612
0.253280
0.872756
0.416175
0.644633
0.351677
0.634638
0.366518
0.076085
0.753346
0.479080
0.900600
0.379571
0.446350
0.812168
0.108659
0.232466
0.051425
0.300065
0.186331
0.657992
0.865581
0.827047
0.170345
0.989003
0.176205
0.470274
0.890386
0.719259
0.584014
0.518167
0.830805
0.343772
0.783445
0.352666
0.251993
0.238269
0.587646
0.563252
0.581450
0.430889
0.955037
0.314171
0.264453
0.669351
0.785500
0.902251
0.133128
0.489152
0.181523
0.860481
0.099087
0.359614
0.036300
0.090700
0.400513
0.425451
0.554158
0.732318
0.060773
0.411673
0.982003
0.527984
0.819098
0.584028
0.762248
0.099804
0.406956
0.705109
0.764499
0.932137
0.418715
0.341571
0.780261
0.848796
0.710180
0.993433
0.630420
0.464864
0.977363
0.545430
0.038092
0.216462
0.073052
0.790385
0.995566
0.479668
0.774175
0.559261
0.497515
0.728300
0.534499
0.324835
0.504260
0.091842
0.587413
0.652267
0.649497
0.094887
0.769763
0.403058
0.198821
0.580781
0.188052
0.581623
0.333862
0.214491
0.951490
0.688687
0.758587
0.564811
0.785387
0.991639
0.470598
0.339871
0.218067
0.058647
0.687725
0.592681
0.187294
0.855625
0.497292
0.980784
0.032327
0.317198
0.144290
0.090017
0.922305
0.184596
0.499389
0.238288
0.901014
0.336290
0.018551
0.782171
0.955223
0.439991
0.930887
0.412615
0.813590
0.005805
0.556311
0.920690
0.033982
0.127786
0.702954
0.555355
0.857638
0.326076
0.363169
0.788641
0.692575
0.111720
0.685553
0.088922
0.504299
0.756238
0.093324
0.499279
0.376496
0.771206
0.653009
0.114618
0.382365
0.411265
0.137374
0.839985
0.628519
0.524653
0.847097
0.153809
0.067399
0.778324
0.299810
0.913063
0.841825
0.559215
0.727165
0.463813
0.302635
0.392350
0.225081
0.939132
0.985839
0.998186
0.504270
0.273140
0.660275
0.249556
0.279803
0.647942
0.959314
0.191593
0.099987
0.482022
0.348986
0.407248
0.614121
0.526734
0.814430
0.127463
0.263565
0.740294
0.113870
0.815188
0.871030
0.402470
0.307949
0.702579
0.249125
0.048699
0.492427
0.222320
0.530053
0.605885
0.112447
0.899236
0.461880
0.813616
0.437765
0.521452
0.045238
0.310713
0.149921
0.717325
0.088858
0.437956
0.732604
0.868175
0.418804
0.840399
0.582068
0.824049
0.796945
0.247070
0.504193
0.979316
0.359291
0.600112
0.074594
0.699322
0.502467
0.963819
0.900453
0.917395
0.658201
0.377806
0.777156
0.659576
0.491406
0.063804
0.346404
0.008715
0.480518
0.073468
0.779692
0.291116
0.790233
0.439889
0.209563
0.123028
0.734632
0.954439
0.262882
0.256208
0.088136
0.300823
0.930751
0.134515
0.794217
0.408620
0.675911
0.033224
0.394025
0.380899
0.761168
0.957544
0.449488
0.541360
0.645588
0.395695
0.442643
0.498992
0.553277
0.926204
0.716257
0.128616
0.654827
0.681834
0.575382
0.450003
0.198123
0.856129
0.953785
0.270864
0.405828
0.747193
0.070288
0.337314
0.241705
0.336413
0.096749
0.063359
0.881268
0.478722
0.877575
0.397034
0.946890
0.384992
0.565324
0.402892
0.408634
0.912392
0.579030
0.764441
0.953285
0.856014
0.028319
0.949611
0.117645
0.265787
0.076239
0.341416
0.184090
0.002175
0.557096
0.113021
0.549658
0.104617
0.290228
0.862686
0.155052
0.954327
0.380405
0.472026
0.339988
0.184591
0.427136
0.881428
0.152679
0.078272
0.511415
0.350963
0.639327
0.160925
0.666468
0.327799
0.322411
0.753858
0.084236
0.750965
0.476167
0.935601
0.651841
0.485700
0.164350
0.238539
0.132653
0.502961
0.260208
0.322001
0.872820
0.482447
0.484428
0.776378
0.587262
0.107711
0.294589
0.158903
0.686971
0.922227
0.874407
0.152890
0.618115
0.658379
0.371376
0.718045
0.184105
0.249567
0.466579
0.797256
0.480328
0.876991
0.590108
0.943004
0.068752
0.513716
0.022846
0.972695
0.091509
0.999182
0.251550
0.803711
0.975790
0.110302
0.851081
0.119684
0.522455
0.892578
0.551906
0.879480
0.420009
0.089267
0.302895
0.761162
0.854565
0.675271
0.286531
0.727152
0.244385
0.377669
0.485932
0.051332
0.744096
0.027132
0.008281
0.174204
0.839809
0.675552
0.001809
0.402979
0.872533
0.661051
0.287731
0.895666
0.466741
0.514939
0.582648
0.558307
0.472468
0.767894
0.989327
0.615562
0.759184
0.611733
0.395546
0.945084
0.028502
0.027253
0.037455
0.502687
0.654116
0.729856
0.694522
0.827055
0.318357
0.631653
0.184058
0.461569
0.584380
0.675391
0.291796
0.207692
0.684432
0.255820
0.574734
0.555094
0.468618
0.066023
0.654088
0.253309
0.358602
0.018987
0.111825
0.434566
0.759202
0.914887
0.511770
0.317239
0.841362
0.766194
0.421537
0.775896
0.478924
0.276136
0.023846
0.780027
0.911529
0.074334
0.334759
0.298002
0.521369
0.646783
0.481038
0.812924
0.818503
0.575041
0.715747
0.565355
0.926241
0.340527
0.240288
0.513352
0.909606
0.754074
0.729500
0.711936
0.500270
0.031597
0.049708
0.449039
0.994111
0.021121
0.981711
0.609024
0.872335
0.327370
0.109183
0.030651
0.149797
0.646327
0.822435
0.668808
0.651994
0.067346
0.876836
0.988145
0.758420
0.767730
0.232206
0.694329
0.582650
0.591358
0.956547
0.689169
0.868834
0.491606
0.423828
0.281147
0.241246
0.613806
0.236601
0.556526
0.532794
0.669343
0.652139
0.498341
0.618438
0.090904
0.827798
0.795946
0.458827
0.504839
0.825544
0.923753
0.525113
0.570471
0.904660
0.623554
0.074512
0.320378
0.596499
0.350890
0.416409
0.592301
0.801243
0.492785
0.244961
0.067239
0.080685
0.065766
0.336976
0.562453
0.151220
0.561066
0.843228
0.138837
0.431408
0.669551
0.142050
0.434216
0.876895
0.981781
0.796003
0.419436
0.452955
0.822791
0.640946
0.375833
0.621001
0.160854
0.478903
0.915364
0.526426
0.641490
0.516398
0.102991
0.973147
0.682328
0.894515
0.120363
0.942614
0.517658
0.281999
0.565481
0.045168
0.144365
0.336429
0.367369
0.376998
0.202099
0.682983
0.903110
0.567779
0.655630
0.169172
0.276445
0.213848
0.143469
0.291706
0.698768
0.198878
0.549701
0.829299
0.031721
0.137494
0.864017
0.536676
0.906263
0.568264
0.818447
0.635290
0.315836
0.256293
0.511651
0.314495
0.715989
0.631060
0.228728
0.238144
0.480020
0.699981
0.579394
0.867662
0.803537
0.043211
0.243396
0.758828
0.622001
0.974760
0.790665
0.698987
0.875746
0.660260
0.987693
0.156949
0.849467
0.984550
0.332596
0.944572
0.416208
0.214424
0.828805
0.724515
0.930723
0.662037
0.857947
0.515319
0.967447
0.875101
0.827947
0.297418
0.698211
0.833524
0.039360
0.520942
0.479206
0.017750
0.324330
0.020084
0.552605
0.637888
0.976755
0.325780
0.388948
0.053555
0.106737
0.930074
0.746936
0.760949
0.263483
0.350409
0.318074
0.866020
0.194102
0.268778
0.346049
0.049186
0.664057
0.799987
0.381037
0.088378
0.376538
0.470069
0.451339
0.647469
0.004545
0.394497
0.316876
0.736035
0.532277
0.976509
0.183933
0.355321
0.871759
0.659871
0.450992
0.823225
0.950289
0.514616
0.144401
0.947763
0.047077
0.219925
0.281204
0.197432
0.243072
0.316840
0.136394
0.370025
0.007933
0.328125
0.795124
0.656821
0.195466
0.194115
0.491203
0.649988
0.352442
0.500806
0.044874
0.201112
0.096371
0.711791
0.073923
0.423441
0.776511
0.817840
0.429634
0.856257
0.115702
0.611771
0.042004
0.966385
0.028115
0.528150
0.611265
0.531477
0.539415
0.955470
0.577644
0.460260
0.589958
0.423985
0.921647
0.117898
0.515435
0.911360
0.230920
0.077873
0.817185
0.424640
0.916224
0.981135
0.939318
0.120488
0.039244
0.570337
0.658578
0.725273
0.658700
0.777668
0.259801
0.472965
0.129047
0.886072
0.205028
0.913272
0.367245
0.282035
0.166969
0.250338
0.435797
0.433668
0.660633
0.266304
0.769034
0.151934
0.549084
0.455603
0.324293
0.395031
0.287155
0.218830
0.883969
0.870364
0.213532
0.835281
0.576124
0.922621
0.498802
0.367530
0.074927
0.303041
0.216467
0.152537
0.688161
0.923218
0.530407
0.558238
0.308757
0.282637
0.278364
0.468797
0.065886
0.351359
0.284517
0.871468
0.766621
0.605862
0.730051
0.962907
0.585837
0.168170
0.430545
0.175608
0.445289
0.980647
0.727532
0.622430
0.177352
0.754017
0.765792
0.674855
0.283316
0.688952
0.223162
0.690671
0.108249
0.335345
0.139481
0.264590
0.960521
0.472979
0.360324
0.959249
0.097905
0.483321
0.171877
0.744950
0.382423
0.381586
0.323886
0.543436
0.530525
0.539515
0.625977
0.792372
0.393861
0.626016
0.459742
0.884132
0.603051
0.473791
0.012000
0.690787
0.062305
0.164137
0.653906
0.194928
0.153289
0.326785
0.271922
0.186298
0.107328
0.866808
0.436577
0.547063
0.486179
0.207855
0.411077
0.968907
0.424144
0.591855
0.311995
0.694867
0.622020
0.289748
0.792024
0.546389
0.167605
0.943264
0.438065
0.561618
0.117726
0.626996
0.917579
0.752684
0.366935
0.076709
0.252537
0.394941
0.774404
0.411298
0.686847
0.845015
0.166980
0.433115
0.369301
0.840363
0.975814
0.512366
0.341871
0.831901
0.755682
0.743865
0.142185
0.702549
0.737109
0.583524
0.281038
0.413389
0.831847
0.857997
0.359565
0.211729
0.532417
0.334977
0.964852
0.263559
0.630364
0.534098
0.582833
0.671277
0.153853
0.807218
0.913900
0.915312
0.651383
0.796011
0.552139
0.807691
0.866634
0.512583
0.977110
0.292964
0.849367
0.309042
0.065222
0.179170
0.302716
0.740403
0.951400
0.177853
0.177812
0.490994
0.129320
0.473060
0.713432
0.658979
0.457664
0.963279
0.832321
0.817634
0.973165
0.981351
0.558787
0.532908
0.588205
0.955498
0.055632
0.999133
0.429406
0.022142
0.147905
0.831244
0.718325
0.895078
0.579610
0.511800
0.823065
0.260147
0.293773
0.438214
0.055217
0.030096
0.816727
0.729362
0.386032
0.048087
0.197104
0.734302
0.419287
0.951444
0.925718
0.534234
0.868767
0.359976
0.111965
0.796400
0.101370
0.733414
0.489932
0.281378
0.125653
0.843431
0.536929
0.165953
0.166368
0.149579
0.977192
0.671211
0.048472
0.673096
0.729404
0.087980
0.672305
0.438452
0.064635
0.312810
0.400866
0.357346
0.910690
0.963406
0.965813
0.413295
0.250811
0.383263
0.506007
0.463979
0.091719
0.513910
0.293752
0.086645
0.246236
0.483417
0.794151
0.292290
0.520423
0.756882
0.915158
0.060456
0.079708
0.654621
0.222868
0.739921
0.854990
0.809868
0.449580
0.094918
0.291148
0.318966
0.869780
0.393920
0.608641
0.423657
0.399149
0.503064
0.998750
0.994721
0.283487
0.564102
0.865779
0.151070
0.031263
0.437051
0.518885
0.904115
0.454963
0.555702
0.685427
0.966950
0.532262
0.729626
0.824406
0.785432
0.753348
0.517367
0.383459
0.800807
0.162796
0.109493
0.256999
0.374728
0.057620
0.418082
0.703978
0.750155
0.850474
0.909520
0.297110
0.523322
0.469550
0.733061
0.549913
0.388622
0.576240
0.859554
0.522914
0.617509
0.478777
0.801094
0.987572
0.130515
0.559209
0.632106
0.805838
0.720392
0.627848
0.234216
0.460855
0.581931
0.507334
0.770125
0.493226
0.644042
0.418300
0.374709
0.735087
0.614295
0.453045
0.319568
0.979853
0.382492
0.541431
0.829475
0.985369
0.104126
0.045798
0.720513
0.663361
0.108307
0.315472
0.142842
0.741510
0.551142
0.045189
0.495064
0.544716
0.041857
0.489409
0.502008
0.244123
0.972362
0.495742
0.927575
0.757839
0.004537
0.261480
0.700629
0.467979
0.314635
0.064542
0.753602
0.785023
0.887031
0.338157
0.410533
0.821916
0.949630
0.427593
0.556810
0.313813
0.262591
0.364993
0.442831
0.665032
0.192403
0.725218
0.747374
0.123003
0.309269
0.875654
0.113621
0.621538
0.188783
0.869046
0.055860
0.837153
0.034560
0.849726
0.337999
0.753402
0.427464
0.386691
0.121304
0.752037
0.480463
0.144940
0.004969
0.520086
0.079931
0.402075
0.672738
0.702716
0.545758
0.549555
0.363015
0.186233
0.010337
0.741195
0.260986
0.392672
0.633580
0.574544
0.355401
0.217003
0.164124
0.427403
0.359801
0.179659
0.533317
0.455304
0.288486
0.589090
0.843037
0.919296
0.599961
0.552554
0.778630
0.442995
0.417456
0.190964
0.538560
0.577670
0.901659
0.189671
0.808552
0.330437
0.657321
0.594584
0.180670
0.522087
0.715866
0.561823
0.558308
0.480193
0.595691
0.771780
0.303243
0.600448
0.724450
0.828582
0.984560
0.494054
0.569141
0.554005
0.166646
0.816913
0.852529
0.461156
0.641146
0.742799
0.229762
0.615305
0.434857
0.643037
0.520058
0.611742
0.548513
0.851153
0.334524
0.344081
0.973110
0.059983
0.141140
0.140747
0.542774
0.399706
0.866462
0.624645
0.401748
0.173469
0.492037
0.665669
0.906507
0.668742
0.543326
0.687353
0.338105
0.527757
0.017103
0.447313
0.985963
0.076267
0.812392
0.865105
0.819254
0.204735
0.979834
0.075573
0.155531
0.011160
0.561796
0.104144
0.342347
0.818844
0.304624
0.820456
0.398865
0.725371
0.309063
0.414129
0.265303
0.943584
0.821934
0.247611
0.597339
0.473848
0.958936
0.842388
0.017054
0.619549
0.760262
0.723759
0.222539
0.205473
0.381953
0.483856
0.174190
0.611913
0.426699
0.530432
0.969788
0.223347
0.788505
0.395552
0.033976
0.034699
0.192502
0.385653
0.672969
0.592554
0.062607
0.239976
0.275633
0.560269
0.448249
0.715212
0.565970
0.254411
0.892642
0.626591
0.122397
0.120431
0.090782
0.768868
0.360792
0.833085
0.662733
0.551795
0.016851
0.215658
0.556216
0.323398
0.355262
0.881974
0.338880
0.557105
0.258341
0.943308
0.184239
0.505878
0.284750
0.789223
0.478761
0.540468
0.647690
0.717680
0.051166
0.950333
0.245974
0.087627
0.753911
0.984605
0.252727
0.579248
0.422728
0.793134
0.207373
0.318134
0.872162
0.429070
0.377788
0.489709
0.539693
0.619133
0.761758
0.871308
0.075720
0.625854
0.730147
0.581299
0.890434
0.525931
0.315375
0.514331
0.358553
0.195700
0.125739
0.288304
0.517225
0.998115
0.319123
0.505881
0.346335
0.860078
0.337042
0.658356
0.993081
0.707517
0.245251
0.936790
0.629392
0.186026
0.531759
0.272037
0.119035
0.627186
0.112334
0.003956
0.481876
0.895161
0.969918
0.410637
0.574921
0.704183
0.196896
0.223910
0.249020
0.273859
0.747445
0.314168
0.229086
0.250087
0.205049
0.262305
0.557983
0.012589
0.586903
0.070825
0.358629
0.482417
0.990412
0.848115
0.268114
0.194083
0.961029
0.017144
0.136706
0.623569
0.326677
0.467912
0.199980
0.058141
0.176799
0.457284
0.578778
0.513963
0.175158
0.872346
0.517621
0.661274
0.040428
0.475854
0.685102
0.501296
0.276383
0.174397
0.083675
0.326444
0.540147
0.251009
0.704328
0.645641
0.293215
0.064649
0.561736
0.091756
0.140224
0.736786
0.158159
0.181693
0.714358
0.221996
0.084747
0.348256
0.131055
0.648849
0.197709
0.894299
0.487409
0.890585
0.060727
0.642661
0.210478
0.504630
0.315786
0.408047
0.051558
0.542859
0.838741
0.719568
0.775237
0.401504
0.085412
0.517627
0.759253
0.761998
0.898883
0.526103
0.214341
0.426437
0.125947
0.791066
0.438148
0.960511
0.313517
0.277890
0.500809
0.101467
0.350858
0.878456
0.210895
0.513817
0.717318
0.956131
0.688607
0.421944
0.620588
0.219225
0.511558
0.752422
0.957316
0.609198
0.790248
0.692461
0.197062
0.017986
0.291689
0.418725
0.513743
0.480062
0.410279
0.554432
0.339889
0.513560
0.399377
0.322270
0.387062
0.347110
0.878664
0.713821
0.197034
0.547426
0.582177
0.648728
0.174561
0.849913
0.489201
0.996882
0.598787
0.817159
0.989008
0.259861
0.477691
0.555675
0.230519
0.333014
0.972910
0.690708
0.728731
0.782727
0.285030
0.505699
0.279870
0.776230
0.104542
0.032867
0.396256
0.870804
0.600083
0.594344
0.146028
0.293081
0.815773
0.704464
0.924844
0.859416
0.202184
0.111805
0.099402
0.653425
0.116964
0.819870
0.560297
0.914207
0.080505
0.040037
0.907316
0.255655
0.799668
0.017712
0.689080
0.360896
0.579813
0.923980
0.325629
0.846544
0.871539
0.962217
0.976068
0.777096
0.650311
0.772861
0.468269
0.201341
0.944080
0.160727
0.340895
0.422399
0.264509
0.598451
0.162482
0.832470
0.324890
0.418974
0.702369
0.715050
0.845086
0.353137
0.168749
0.156327
0.395707
0.645549
0.747687
0.376860
0.889525
0.239654
0.864481
0.333547
0.928483
0.014000
0.298023
0.872984
0.244991
0.561349
0.587401
0.452178
0.754405
0.289220
0.920490
0.675866
0.288263
0.838123
0.332700
0.689711
0.975284
0.600378
0.552521
0.228648
0.888009
0.764650
0.470244
0.386485
0.658769
0.935344
0.329423
0.612224
0.656561
0.815830
0.647870
0.752903
0.036164
0.806387
0.940137
0.877641
0.505553
0.827665
0.567223
0.311360
0.021632
0.568826
0.264788
0.298663
0.628067
0.920373
0.706768
0.643842
0.050269
0.876808
0.518313
0.281922
0.269028
0.547487
0.611532
0.024776
0.408958
0.349864
0.167334
0.384905
0.094890
0.820180
0.769489
0.808306
0.204931
0.274595
0.116701
0.395279
0.460997
0.978936
0.980322
0.278970
0.645080
0.864146
0.705175
0.870451
0.668517
0.762400
0.650363
0.651347
0.190375
0.631942
0.045438
0.684825
0.852683
0.039435
0.792383
0.582117
0.635972
0.790162
0.254405
0.786179
0.318059
0.623199
0.102687
0.858051
0.267056
0.412878
0.236342
0.193724
0.924331
0.238091
0.594748
0.934613
0.038979
0.116640
0.370244
0.693808
0.838678
0.655244
0.688351
0.122529
0.336671
0.435477
0.061586
0.070550
0.728307
0.649281
0.458036
0.211915
0.654677
0.151717
0.907694
0.605838
0.324825
0.330851
0.609070
0.640289
0.341294
0.125818
0.616196
0.402201
0.797527
0.028357
0.590286
0.932521
0.873067
0.634688
0.200238
0.402042
0.121503
0.101684
0.996100
0.444813
0.968182
0.233862
0.516884
0.262592
0.377234
0.167932
0.431756
0.521210
0.973178
0.199542
0.700783
0.053686
0.295233
0.973310
0.418787
0.555988
0.498847
0.126641
0.451150
0.485662
0.527362
0.377962
0.415480
0.968723
0.334755
0.233826
0.911506
0.683141
0.549957
0.121578
0.353175
0.809188
0.025069
0.334827
0.444495
0.623492
0.026037
0.597514
0.418300
0.368667
0.187915
0.286986
0.375143
0.023261
0.943361
0.064048
0.457869
0.412650
0.402454
0.040522
0.056358
0.215266
0.973692
0.835925
0.386923
0.015517
0.798510
0.554260
0.442982
0.195892
0.356182
0.351889
0.192435
0.261168
0.455107
0.975467
0.670303
0.776072
0.438700
0.236856
0.844594
0.086918
0.825374
0.059420
0.667719
0.356627
0.836128
0.806170
0.296704
0.696513
0.293095
0.055800
0.836888
0.584471
0.200312
0.640589
0.371090
0.910737
0.755427
0.458435
0.916296
0.185512
0.894922
0.956704
0.332095
0.522201
0.630885
0.280128
0.113385
0.663673
0.345479
0.457164
0.556295
0.650289
0.403401
0.963904
0.340896
0.447303
0.817751
0.934586
0.587202
0.097820
0.053020
0.114943
0.849898
0.236213
0.037880
0.656747
0.951644
0.288059
0.404163
0.760472
0.253702
0.974200
0.385153
0.268255
0.556481
0.773918
0.239254
0.137678
0.946949
0.376030
0.932361
0.193631
0.357539
0.162131
0.942877
0.930103
0.234652
0.801292
0.320346
0.050680
0.774008
0.745634
0.873450
0.081339
0.060172
0.306382
0.363020
0.270045
0.648511
0.518590
0.945249
0.797017
0.467506
0.375339
0.317653
0.802213
0.790346
0.351151
0.789730
0.987551
0.766048
0.975953
0.847857
0.927845
0.282913
0.917499
0.413483
0.409855
0.427607
0.793863
0.461879
0.792195
0.418839
0.429685
0.719827
0.126784
0.858628
0.956211
0.036128
0.203694
0.478147
0.222989
0.776194
0.488246
0.958202
0.499554
0.007515
0.311206
0.434258
0.570680
0.412087
0.940999
0.377680
0.670250
0.897781
0.005039
0.696389
0.209489
0.882001
0.787566
0.618499
0.111463
0.355372
0.729960
0.436030
0.352597
0.103442
0.541708
0.484192
0.821792
0.858291
0.294459
0.969429
0.201511
0.799711
0.748100
0.321620
0.471985
0.644725
0.893644
0.472734
0.238308
0.242376
0.619995
0.255889
0.724976
0.663818
0.782821
0.875912
0.454970
0.684923
0.505847
0.766425
0.304590
0.249483
0.059531
0.539090
0.488688
0.380324
0.097864
0.803608
0.246515
0.178323
0.077115
0.079784
0.937512
0.765562
0.808730
0.325964
0.482657
0.020444
0.601364
0.116672
0.906515
0.794590
0.670960
0.820934
0.432226
0.424935
0.880819
0.924742
0.130610
0.162472
0.674158
0.578511
0.034517
0.127500
0.899372
0.738665
0.734640
0.093256
0.348630
0.427808
0.165526
0.993313
0.609839
0.564873
0.817700
0.088970
0.323806
0.209572
0.282217
0.213243
0.966693
0.206565
0.741817
0.717986
0.188317
0.039092
0.023410
0.447721
0.840876
0.604919
0.868364
0.590753
0.790555
0.863101
0.136017
0.030595
0.215697
0.216699
0.060415
0.399612
0.283907
0.631580
0.960757
0.447593
0.694494
0.366520
0.108752
0.792073
0.375695
0.306250
0.150020
0.381994
0.176396
0.689987
0.615664
0.459573
0.037736
0.230268
0.107346
0.169571
0.975911
0.138952
0.366532
0.308434
0.847200
0.889885
0.305716
0.173315
0.906674
0.472734
0.244373
0.184162
0.214120
0.709741
0.619585
0.357187
0.242399
0.996068
0.909685
0.071918
0.719957
0.314113
0.302734
0.042869
0.492298
0.056740
0.629461
0.346418
0.244994
0.606342
0.798145
0.427175
0.534014
0.168068
0.716852
0.135365
0.081520
0.113160
0.882159
0.443155
0.100007
0.820153
0.307585
0.579588
0.134420
0.202459
0.727116
0.643062
0.934793
0.062211
0.585746
0.638944
0.735969
0.429283
0.961412
0.459060
0.416278
0.386689
0.084864
0.312095
0.382083
0.669926
0.440712
0.046114
0.040198
0.607953
0.868672
0.772592
0.960085
0.146926
0.388363
0.218486
0.092965
0.457095
0.389454
0.549917
0.450310
0.357086
0.540703
0.603254
0.888875
0.315083
0.606759
0.799271
0.344785
0.808615
0.395481
0.845683
0.389250
0.125223
0.618823
0.557778
0.581376
0.184438
0.852284
0.343742
0.268493
0.560819
0.688608
0.435539
0.101726
0.705669
0.186837
0.169113
0.289423
0.325696
0.978261
0.630318
0.758622
0.161095
0.517927
0.805531
0.565499
0.342923
0.499515
0.340912
0.711638
0.506545
0.504343
0.495407
0.311263
0.399539
0.046856
0.505710
0.472320
0.290441
0.439415
0.239611
0.142624
0.077196
0.427196
0.877732
0.044648
0.391392
0.131859
0.153053
0.362705
0.987614
0.823790
0.439559
0.662757
0.951824
0.307816
0.470491
0.540409
0.655204
0.016152
0.473443
0.151153
0.434296
0.216332
0.884995
0.113265
0.637613
0.369035
0.373775
0.044743
0.998936
0.125081
0.241837
0.558452
0.910945
0.259621
0.450774
0.154466
0.112879
0.163336
0.180709
0.182648
0.768261
0.162227
0.546742
0.100565
0.188935
0.431478
0.843076
0.575693
0.674253
0.170927
0.765195
0.631197
0.524414
0.822926
0.922364
0.167228
0.594842
0.508911
0.259677
0.394016
0.220231
0.421916
0.135885
0.820930
0.362744
0.632452
0.616769
0.028870
0.223076
0.242816
0.012056
0.617555
0.241026
0.923970
0.167928
0.360113
0.424297
0.162058
0.716234
0.749491
0.701294
0.648816
0.645692
0.139488
0.377219
0.920830
0.389171
0.794372
0.012563
0.139555
0.502393
0.714018
0.499527
0.547888
0.359984
0.244896
0.965732
0.057768
0.905905
0.541459
0.303158
0.178459
0.360647
0.386382
0.924790
0.949154
0.436659
0.923596
0.878509
0.094343
0.630880
0.201692
0.841672
0.987134
0.753856
0.063911
0.147330
0.169145
0.821209
0.055325
0.848693
0.989482
0.226870
0.999887
0.105510
0.305313
0.397683
0.855816
0.698676
0.644561
0.144976
0.612311
0.115521
0.564144
0.569612
0.475895
0.373493
0.302065
0.809313
0.122700
0.224343
0.538555
0.490500
0.833775
0.257593
0.363382
0.368947
0.889904
0.611649
0.985454
0.518719
0.106391
0.115684
0.298756
0.188168
0.531524
0.316089
0.502489
0.338608
0.982052
0.345064
0.495718
0.535271
0.294671
0.532157
0.964968
0.210086
0.919805
0.156202
0.291744
0.341963
0.368921
0.461895
0.073091
0.441593
0.860304
0.131712
0.675702
0.522784
0.434531
0.169681
0.830995
0.540876
0.496052
0.149204
0.665484
0.785821
0.291098
0.477154
0.533750
0.729859
0.741801
0.446833
0.930109
0.337099
0.630939
0.194013
0.780907
0.697145
0.921383
0.687477
0.420483
0.050124
0.436390
0.405214
0.430355
0.984891
0.067517
0.758052
0.572548
0.812944
0.144596
0.228522
0.767102
0.681752
0.205955
0.493985
0.401267
0.090645
0.473652
0.668277
0.727061
0.714494
0.502381
0.513154
0.582194
0.937294
0.104348
0.773748
0.378215
0.657693
0.842946
0.399203
0.409984
0.597640
0.539457
0.660774
0.631574
0.856291
0.681197
0.874654
0.304559
0.731667
0.124854
0.424158
0.820010
0.901595
0.101219
0.190666
0.520253
0.890224
0.991041
0.431832
0.792087
0.605368
0.414181
0.143805
0.928766
0.763745
0.266269
0.186971
0.423554
0.670062
0.727992
0.359312
0.962425
0.484958
0.692108
0.251674
0.890307
0.397025
0.800858
0.021403
0.725617
0.450081
0.504751
0.352935
0.773537
0.827689
0.961648
0.421269
0.263055
0.159525
0.135252
0.184776
0.535590
0.665509
0.207733
0.361719
0.404469
0.903711
0.678861
0.612577
0.575049
0.848130
0.527042
0.990266
0.407509
0.998108
0.207989
0.669290
0.750760
0.028205
0.042270
0.437910
0.959530
0.828538
0.236288
0.297668
0.899891
0.473542
0.823844
0.348067
0.963818
0.884440
0.791080
0.689711
0.979636
0.735388
0.669081
0.238121
0.106593
0.505957
0.627050
0.835268
0.347571
0.624594
0.556578
0.407727
0.673293
0.037923
0.372539
0.266210
0.195221
0.086578
0.119239
0.041925
0.627755
0.673293
0.038236
0.634051
0.490423
0.541227
0.397268
0.877606
0.923709
0.782343
0.845149
0.425952
0.974134
0.267078
0.779841
0.780152
0.016071
0.111717
0.628319
0.153077
0.762578
0.647823
0.966517
0.250749
0.339218
0.233531
0.958393
0.705470
0.831672
0.919336
0.287798
0.014141
0.663582
0.827139
0.731651
0.856973
0.148745
0.961042
0.224879
0.544217
0.655636
0.277129
0.708695
0.033662
0.763389
0.282979
0.021785
0.132314
0.809606
0.043921
0.185528
0.165151
0.693453
0.872660
0.793956
0.018058
0.502914
0.469894
0.504617
0.091779
0.533475
0.116027
0.058784
0.974872
0.669737
0.264231
0.935578
0.263684
0.737559
0.162791
0.026597
0.008747
0.003156
0.035423
0.347503
0.488276
0.453580
0.315393
0.801989
0.029956
0.469317
0.811337
0.148115
0.362118
0.122984
0.991792
0.045278
0.983726
0.478936
0.485797
0.789653
0.691003
0.689913
0.375857
0.032402
0.576226
0.628269
0.318199
0.969028
0.450078
0.463694
0.305698
0.868016
0.749097
0.064721
0.761377
0.466998
0.835220
0.546307
0.785844
0.683692
0.807221
0.963527
0.996427
0.944731
0.096497
0.829192
0.227892
0.176545
0.193752
0.395620
0.180617
0.636040
0.928257
0.216481
0.400922
0.302943
0.569329
0.709644
0.992052
0.416454
0.337622
0.407884
0.298829
0.414325
0.556792
0.001917
0.218658
0.981693
0.317774
0.825087
0.230910
0.903173
0.630678
0.802637
0.927979
0.550862
0.332361
0.990565
0.421034
0.315966
0.443755
0.191899
0.246443
0.969212
0.541150
0.102348
0.161331
0.489520
0.366116
0.309116
0.314819
0.160113
0.026484
0.113716
0.232361
0.296338
0.556460
0.426012
0.989957
0.214290
0.572635
0.274025
0.539651
0.919307
0.784280
0.399003
0.039574
0.112252
0.618665
0.898762
0.486316
0.520617
0.011313
0.142064
0.665979
0.105416
0.722187
0.802359
0.255637
0.491340
0.955011
0.861806
0.380299
0.681728
0.807875
0.955929
0.292159
0.310335
0.800888
0.528223
0.849702
0.939535
0.769994
0.293695
0.132525
0.342945
0.882983
0.297918
0.105610
0.987059
0.500675
0.838660
0.356324
0.734071
0.532853
0.653533
0.923611
0.134423
0.248478
0.169311
0.602356
0.797569
0.733567
0.065762
0.261288
0.460504
0.692149
0.955641
0.451275
0.584546
0.462924
0.368874
0.666509
0.019220
0.028304
0.706047
0.530141
0.072555
0.425483
0.092221
0.955252
0.926674
0.608242
0.729575
0.972044
0.136463
0.533313
0.390149
0.236400
0.174783
0.580689
0.632044
0.764735
0.906124
0.229863
0.300416
0.099098
0.536169
0.397263
0.791164
0.088839
0.121560
0.054442
0.011815
0.569921
0.659292
0.719043
0.951350
0.333036
0.331271
0.674489
0.140829
0.913617
0.164064
0.427882
0.405802
0.312751
0.407669
0.685879
0.572882
0.427064
0.672316
0.616713
0.100835
0.735234
0.074921
0.196712
0.144077
0.498630
0.467469
0.747531
0.750902
0.410082
0.252714
0.361667
0.540680
0.209572
0.275055
0.856166
0.587823
0.541695
0.259795
0.370330
0.142493
0.877876
0.467198
0.203721
0.936475
0.338938
0.535072
0.957272
0.873159
0.187424
0.034330
0.986755
0.390376
0.056052
0.060749
0.002580
0.370279
0.282187
0.718052
0.307761
0.546619
0.030670
0.469340
0.202679
0.432135
0.895044
0.005531
0.951964
0.661472
0.355670
0.751374
0.343978
0.238528
0.945384
0.066766
0.136059
0.741644
0.818363
0.227036
0.800851
0.901433
0.382863
0.776097
0.856879
0.563952
0.348169
0.680767
0.644403
0.486664
0.355653
0.456179
0.001685
0.316986
0.579708
0.152105
0.433469
0.312810
0.398972
0.525201
0.054202
0.970074
0.036141
0.425172
0.866014
0.098002
0.116277
0.268298
0.284216
0.815148
0.200138
0.720194
0.308520
0.295970
0.376000
0.429329
0.733836
0.581060
0.883552
0.861459
0.547361
0.488990
0.450480
0.223157
0.599486
0.561479
0.777736
0.406794
0.993507
0.867041
0.356156
0.907507
0.476825
0.990974
0.300616
0.451727
0.167703
0.582763
0.500077
0.786933
0.981962
0.838958
0.363768
0.847067
0.663283
0.804990
0.459151
0.944142
0.193690
0.355863
0.990849
0.202171
0.882281
0.490689
0.016141
0.284545
0.355099
0.144240
0.236747
0.014953
0.314343
0.168756
0.290229
0.875724
0.297007
0.792794
0.491525
0.062243
0.125993
0.560922
0.415755
0.589240
0.351044
0.992733
0.859091
0.739230
0.236463
0.228009
0.146990
0.462673
0.147589
0.524332
0.443404
0.282599
0.639506
0.170688
0.759041
0.199740
0.027694
0.452047
0.561644
0.557889
0.443739
0.916505
0.694754
0.729134
0.560308
0.088798
0.425482
0.083565
0.474459
0.227188
0.341196
0.489011
0.803183
0.105117
0.708936
0.088324
0.466057
0.021485
0.106181
0.584371
0.527981
0.777556
0.381449
0.009198
0.584904
0.478460
0.469748
0.051676
0.518219
0.713393
0.991679
0.151234
0.786693
0.946123
0.484670
0.856061
0.816238
0.516433
0.683457
0.867818
0.417865
0.057500
0.400827
0.707546
0.722754
0.320320
0.621309
0.347874
0.726448
0.409913
0.405160
0.521291
0.344647
0.486923
0.710628
0.526854
0.827615
0.724244
0.376199
0.772378
0.363117
0.905647
0.204704
0.452454
0.401719
0.690895
0.872020
0.041503
0.539373
0.240883
0.519897
0.916317
0.539663
0.111373
0.853139
0.709215
0.772461
0.753025
0.096056
0.420688
0.505333
0.133713
0.309673
0.666547
0.663166
0.825975
0.156352
0.804345
0.628082
0.168375
0.876198
0.265292
0.755650
0.205027
0.897009
0.031721
0.134176
0.091995
0.160019
0.438607
0.674956
0.979752
0.688373
0.477196
0.234617
0.201863
0.709614
0.483447
0.301753
0.570154
0.570410
0.887138
0.132642
0.315363
0.299427
0.462428
0.029158
0.051766
0.032731
0.116927
0.199998
0.372863
0.705873
0.614106
0.276533
0.682881
0.180917
0.677498
0.704481
0.207642
0.845853
0.244897
0.975671
0.110759
0.524664
0.027127
0.917550
0.256626
0.107309
0.544573
0.631226
0.009132
0.484297
0.582389
0.204498
0.000924
0.527157
0.920938
0.201390
0.763830
0.691733
0.953552
0.354517
0.370490
0.821545
0.709673
0.480644
0.189030
0.022281
0.476969
0.424693
0.817368
0.505138
0.847326
0.013978
0.924494
0.968969
0.469778
0.566502
0.205461
0.187092
0.456007
0.112878
0.140929
0.588022
0.884611
0.652933
0.849626
0.666592
0.411828
0.599251
0.605868
0.817315
0.609245
0.585180
0.117141
0.785242
0.570536
0.992760
0.322240
0.882457
0.448220
0.225516
0.246566
0.029402
0.153887
0.380547
0.846108
0.538795
0.525447
0.192755
0.626293
0.108097
0.780333
0.050089
0.839895
0.121153
0.215119
0.506437
0.679750
0.564706
0.020079
0.459683
0.889729
0.674765
0.772764
0.843538
0.351136
0.546009
0.769290
0.460710
0.152195
0.943316
0.319823
0.266519
0.391351
0.444109
0.138382
0.789412
0.648621
0.370035
0.182101
0.570062
0.035965
0.456857
0.397567
0.911848
0.422092
0.105397
0.414658
0.156512
0.500107
0.293056
0.399184
0.079539
0.809149
0.371544
0.534904
0.133276
0.961526
0.363411
0.848578
0.051712
0.128214
0.900138
0.626096
0.801166
0.197944
0.844064
0.189103
0.250958
0.857406
0.415435
0.218879
0.699273
0.687906
0.642367
0.254124
0.070315
0.776898
0.324652
0.420545
0.098709
0.000783
0.161887
0.833681
0.672127
0.438260
0.842777
0.546179
0.624694
0.233487
0.220366
0.692048
0.249789
0.211896
0.337310
0.162870
0.356273
0.884339
0.080581
0.316886
0.902838
0.997155
0.192741
0.394194
0.223451
0.548898
0.321776
0.094703
0.667523
0.059981
0.094393
0.465539
0.312184
0.882468
0.647753
0.781425
0.404255
0.314515
0.054605
0.745002
0.248598
0.194751
0.187314
0.188137
0.011759
0.628503
0.241832
0.466047
0.844281
0.827582
0.168666
0.771694
0.861766
0.707552
0.824997
0.729984
0.849239
0.153198
0.797637
0.892723
0.996026
0.209953
0.672893
0.314915
0.781768
0.182338
0.558897
0.374296
0.798999
0.775704
0.258670
0.474751
0.146765
0.679445
0.438489
0.689609
0.262882
0.263870
0.863631
0.038433
0.949230
0.713640
0.155261
0.465299
0.284469
0.064405
0.458370
0.829432
0.269797
0.472618
0.295584
0.880301
0.222077
0.450942
0.979167
0.862914
0.991827
0.644973
0.066742
0.736750
0.552156
0.079219
0.438656
0.483631
0.384787
0.119499
0.419377
0.474957
0.597709
0.688674
0.538047
0.961479
0.583012
0.689571
0.622615
0.288960
0.547827
0.329791
0.794305
0.881566
0.482253
0.221677
0.724804
0.773281
0.536913
0.895450
0.825797
0.162828
0.652683
0.637185
0.162115
0.670026
0.128195
0.566305
0.881743
0.456148
0.476567
0.657552
0.485010
0.562854
0.882908
0.027244
0.893403
0.418158
0.982556
0.815528
0.580750
0.664272
0.415151
0.447674
0.054412
0.504126
0.845142
0.297646
0.543635
0.873426
0.669578
0.594062
0.399171
0.862279
0.320150
0.767800
0.407242
0.514765
0.654513
0.404865
0.564038
0.783486
0.053423
0.882467
0.627608
0.203158
0.476156
0.749075
0.711736
0.144056
0.155756
0.796970
0.678365
0.288622
0.877411
0.650761
0.337031
0.477434
0.234032
0.379284
0.630152
0.956563
0.949881
0.655633
0.216099
0.977023
0.823360
0.209661
0.764061
0.578050
0.278397
0.022544
0.890549
0.450325
0.615951
0.284584
0.004891
0.200638
0.124228
0.900806
0.846997
0.474161
0.216535
0.297707
0.560398
0.605173
0.135011
0.125951
0.854819
0.944971
0.121466
0.477491
0.199806
0.142341
0.326910
0.382842
0.426978
0.219225
0.521740
0.883084
0.999840
0.313020
0.920424
0.558363
0.402108
0.220983
0.056313
0.454183
0.449946
0.240763
0.496194
0.532748
0.893476
0.653511
0.564725
0.337610
0.210823
0.308861
0.027917
0.205120
0.455646
0.045305
0.445302
0.183068
0.820884
0.598483
0.704364
0.245846
0.926188
0.436808
0.440353
0.011193
0.120223
0.588403
0.293296
0.423057
0.312548
0.996319
0.126321
0.080649
0.466212
0.621640
0.905536
0.340564
0.861310
0.036841
0.191923
0.642043
0.809789
0.123371
0.490566
0.946880
0.219512
0.330332
0.883960
0.710245
0.081925
0.905995
0.053075
0.037711
0.812809
0.881727
0.181685
0.577874
0.334508
0.083534
0.948605
0.203202
0.219598
0.786647
0.172502
0.237388
0.781173
0.167998
0.540549
0.005807
0.601594
0.998332
0.966376
0.877450
0.294190
0.453207
0.057788
0.237328
0.772174
0.921737
0.635596
0.454849
0.651046
0.123153
0.833320
0.601557
0.363660
0.040984
0.819451
0.520392
0.226857
0.781532
0.201221
0.916824
0.059002
0.649892
0.737377
0.099769
0.819375
0.242588
0.183724
0.856182
0.852832
0.542739
0.811610
0.722447
0.173919
0.054885
0.444948
0.241899
0.592073
0.975088
0.298918
0.915047
0.190744
0.833659
0.298754
0.165001
0.179671
0.724335
0.898099
0.347585
0.862860
0.093000
0.056156
0.817909
0.603699
0.366008
0.492506
0.552662
0.586357
0.909763
0.379172
0.739786
0.582290
0.551569
0.220068
0.683109
0.013076
0.760849
0.583678
0.868788
0.725350
0.953605
0.230867
0.182779
0.971893
0.599545
0.559286
0.924960
0.796137
0.674776
0.960440
0.119698
0.766762
0.976172
0.527643
0.101998
0.282092
0.119227
0.847635
0.202164
0.771170
0.048711
0.687382
0.828623
0.658629
0.580671
0.344331
0.172568
0.343270
0.333713
0.711235
0.721490
0.081988
0.972541
0.496692
0.908599
0.818187
0.269772
0.063761
0.629994
0.302664
0.880535
0.157692
0.332314
0.205118
0.420154
0.521436
0.775165
0.204720
0.721462
0.618573
0.357029
0.594355
0.316987
0.604525
0.258431
0.457946
0.692378
0.803882
0.844781
0.232680
0.650091
0.085044
0.336345
0.951102
0.167318
0.107390
0.896460
0.811061
0.494462
0.414835
0.131143
0.119549
0.252706
0.224025
0.185600
0.378770
0.995185
0.078762
0.752613
0.168029
0.066019
0.584441
0.698532
0.226839
0.491463
0.016179
0.916767
0.109163
0.697772
0.453054
0.485158
0.056374
0.479899
0.660922
0.118684
0.723834
0.474116
0.465477
0.273868
0.895653
0.245263
0.127073
0.707635
0.218224
0.692416
0.441880
0.673733
0.422940
0.350196
0.737471
0.670255
0.981171
0.540172
0.671097
0.126645
0.516915
0.797696
0.878885
0.415021
0.258576
0.882766
0.650665
0.734042
0.039204
0.907546
0.117914
0.777352
0.954978
0.318633
0.263188
0.405552
0.112769
0.311350
0.867750
0.272836
0.552943
0.319769
0.358645
0.744851
0.715524
0.805779
0.724338
0.945088
0.100465
0.517215
0.828392
0.790650
0.448864
0.059575
0.269768
0.988127
0.448809
0.132831
0.485660
0.495110
0.310738
0.565947
0.871530
0.800970
0.903019
0.040643
0.081643
0.169468
0.252153
0.941113
0.294319
0.616878
0.863160
0.129097
0.728995
0.219425
0.873289
0.362403
0.911806
0.728214
0.096638
0.202397
0.694466
0.889605
0.590556
0.470555
0.612606
0.069104
0.434082
0.624216
0.197144
0.404905
0.234664
0.993477
0.362271
0.694972
0.386647
0.377916
0.635230
0.308935
0.262159
0.108924
0.681772
0.547060
0.436943
0.703629
0.897995
0.600927
0.785454
0.119614
0.354314
0.956933
0.168331
0.136739
0.180454
0.897993
0.564613
0.450117
0.110919
0.217702
0.916951
0.197706
0.849720
0.248168
0.962670
0.589576
0.000477
0.018953
0.538496
0.502358
0.135720
0.040823
0.115026
0.243086
0.540956
0.852495
0.884031
0.913111
0.650735
0.910384
0.826451
0.165498
0.525993
0.356971
0.615479
0.359673
0.024457
0.051831
0.128494
0.591108
0.745554
0.519183
0.914016
0.870824
0.946204
0.853025
0.791402
0.095166
0.446848
0.174479
0.472996
0.651519
0.085732
0.905128
0.478779
0.842480
0.559396
0.771458
0.901107
0.905257
0.662015
0.492323
0.464470
0.353610
0.116888
0.540916
0.181110
0.914875
0.310546
0.349168
0.472923
0.412652
0.443096
0.116256
0.914797
0.985401
0.633956
0.890979
0.689615
0.359992
0.384745
0.414468
0.969270
0.525112
0.559224
0.884859
0.818706
0.994272
0.733858
0.952148
0.747777
0.887811
0.443366
0.647552
0.400300
0.843635
0.970036
0.400562
0.241397
0.157799
0.120788
0.088927
0.592776
0.790933
0.211492
0.539020
0.310115
0.104807
0.492395
0.680242
0.828233
0.114454
0.628360
0.842071
0.691757
0.362363
0.230881
0.414495
0.411186
0.806320
0.813742
0.564558
0.520767
0.524728
0.108113
0.048386
0.219333
0.322181
0.888171
0.493000
0.858568
0.957856
0.681259
0.921978
0.691369
0.835883
0.685508
0.335868
0.938324
0.412136
0.777631
0.635695
0.123588
0.138233
0.289951
0.214448
0.231918
0.841369
0.894053
0.354382
0.100044
0.446129
0.094494
0.160073
0.347922
0.524409
0.739716
0.412600
0.571442
0.226639
0.127642
0.285608
0.215656
0.530561
0.142529
0.481015
0.426842
0.927876
0.808892
0.046089
0.624767
0.450621
0.582565
0.164940
0.142356
0.574357
0.213090
0.400450
0.360446
0.023485
0.715679
0.409471
0.978773
0.234887
0.743654
0.587292
0.608418
0.687661
0.520601
0.746461
0.771775
0.226270
0.926301
0.346106
0.004535
0.218780
0.030457
0.885341
0.919515
0.286494
0.112281
0.109597
0.001136
0.096967
0.726092
0.434582
0.013904
0.680665
0.931375
0.627133
0.218336
0.573954
0.441527
0.749241
0.501156
0.921742
0.715456
0.666439
0.847753
0.189099
0.190210
0.861094
0.406924
0.176555
0.359977
0.126702
0.482055
0.906192
0.371612
0.690640
0.581526
0.710665
0.145692
0.652061
0.192676
0.300780
0.210608
0.684939
0.770495
0.716731
0.098560
0.503694
0.583664
0.643976
0.302385
0.190724
0.505828
0.443885
0.369265
0.242945
0.170294
0.135702
0.742701
0.577600
0.725153
0.640131
0.682888
0.290706
0.889590
0.335940
0.151693
0.504659
0.804362
0.917548
0.225007
0.694645
0.899071
0.684693
0.629493
0.889184
0.522139
0.591042
0.643444
0.367857
0.572545
0.759247
0.663832
0.020406
0.968547
0.365736
0.926978
0.720873
0.710444
0.438005
0.545693
0.460523
0.011332
0.461254
0.303130
0.712876
0.309168
0.181370
0.287092
0.158968
0.773623
0.286422
0.895367
0.430457
0.685193
0.046604
0.281114
0.689659
0.093573
0.684704
0.812528
0.163436
0.863809
0.041677
0.470826
0.166348
0.804984
0.368380
0.368875
0.683164
0.931633
0.956430
0.713528
0.258822
0.017703
0.536426
0.716338
0.498004
0.953156
0.700663
0.047615
0.266300
0.705914
0.299672
0.592161
0.442289
0.556523
0.489193
0.872326
0.174889
0.358456
0.572159
0.269277
0.742241
0.840608
0.098550
0.330716
0.335471
0.255145
0.217170
0.969243
0.069891
0.663777
0.101293
0.433783
0.587908
0.972785
0.602046
0.581520
0.612366
0.031073
0.249214
0.547019
0.744278
0.083228
0.804559
0.229652
0.753874
0.355787
0.717601
0.714031
0.719229
0.076677
0.712588
0.471399
0.807621
0.680047
0.542371
0.631791
0.511863
0.877434
0.030966
0.442779
0.783986
0.457441
0.211678
0.667423
0.384018
0.197827
0.875028
0.596984
0.507947
0.070715
0.506175
0.277191
0.744280
0.113789
0.459622
0.868435
0.782639
0.811849
0.753223
0.423257
0.685948
0.729142
0.688347
0.047012
0.128554
0.599723
0.546463
0.399476
0.991118
0.715779
0.092383
0.680895
0.802924
0.740171
0.059119
0.621214
0.738530
0.479534
0.531905
0.719882
0.061495
0.548203
0.655446
0.080034
0.127625
0.992730
0.808548
0.268194
0.537292
0.265457
0.536171
0.424248
0.333457
0.415990
0.547215
0.035877
0.983089
0.779758
0.384836
0.933050
0.772455
0.648199
0.278922
0.843003
0.345466
0.249335
0.570331
0.550958
0.949148
0.329915
0.879704
0.177519
0.565194
0.218529
0.817350
0.200152
0.951260
0.830177
0.787503
0.562495
0.849246
0.284853
0.526310
0.685453
0.408545
0.420420
0.004326
0.699449
0.644036
0.306477
0.962792
0.646244
0.421210
0.274756
0.830714
0.806376
0.763417
0.754384
0.937378
0.507686
0.683002
0.212932
0.754198
0.803519
0.751945
0.933073
0.151157
0.498692
0.509252
0.005586
0.886550
0.246443
0.965220
0.456878
0.743634
0.249764
0.778229
0.696931
0.316362
0.093813
0.718946
0.333107
0.527657
0.330012
0.504012
0.924684
0.160579
0.842859
0.928104
0.646560
0.732043
0.450110
0.001460
0.530197
0.020915
0.516961
0.567138
0.884988
0.996667
0.987646
0.360945
0.404110
0.878440
0.944979
0.254389
0.515285
0.400598
0.856182
0.845671
0.185663
0.432740
0.057577
0.691897
0.707229
0.399124
0.080683
0.035862
0.731088
0.394517
0.649066
0.857452
0.200177
0.381358
0.489325
0.077984
0.680495
0.072778
0.186938
0.863194
0.695969
0.142528
0.468517
0.360994
0.226176
0.344631
0.216811
0.946946
0.320369
0.435612
0.328580
0.437801
0.121539
0.705144
0.348792
0.148786
0.645254
0.784470
0.583905
0.684769
0.920093
0.996600
0.862190
0.832397
0.091962
0.613519
0.417937
0.266517
0.358340
0.617719
0.995133
0.203156
0.436413
0.800187
0.747910
0.118686
0.763725
0.922222
0.785804
0.013590
0.410262
0.280235
0.913481
0.881097
0.592005
0.822107
0.151969
0.138981
0.853309
0.564243
0.231425
0.552141
0.829582
0.777827
0.940669
0.821529
0.442927
0.278211
0.892833
0.849835
0.171217
0.638745
0.395714
0.758993
0.387926
0.876005
0.023187
0.700760
0.677887
0.245259
0.072554
0.415403
0.671550
0.735597
0.185304
0.404041
0.710143
0.378578
0.758708
0.599542
0.505699
0.285724
0.166496
0.297323
0.103166
0.906149
0.652275
0.789456
0.385153
0.259740
0.443367
0.675327
0.227910
0.486923
0.719355
0.191487
0.327549
0.119142
0.411668
0.911871
0.817864
0.839806
0.620196
0.635033
0.006535
0.840150
0.398381
0.589406
0.149096
0.856599
0.851461
0.499795
0.048113
0.640468
0.350001
0.460789
0.481418
0.189717
0.572139
0.946275
0.046186
0.253356
0.148955
0.494060
0.670892
0.676789
0.791440
0.727278
0.359383
0.149537
0.268202
0.662983
0.762335
0.557645
0.345367
0.575290
0.900523
0.083751
0.603230
0.483367
0.947666
0.428200
0.759985
0.075913
0.876294
0.872781
0.828108
0.004574
0.882205
0.225682
0.037292
0.773898
0.899675
0.844588
0.987625
0.005456
0.694697
0.773495
0.138686
0.900931
0.951124
0.540041
0.463012
0.844325
0.564943
0.001376
0.127125
0.583946
0.372825
0.064737
0.038501
0.088538
0.064074
0.888829
0.540954
0.809520
0.610037
0.884286
0.202861
0.485484
0.521559
0.843510
0.879832
0.340407
0.216788
0.549766
0.909158
0.221116
0.293035
0.033270
0.161792
0.237915
0.643276
0.535486
0.915478
0.437539
0.722439
0.024420
0.420055
0.872083
0.107079
0.672304
0.416710
0.652659
0.241225
0.270800
0.329960
0.642070
0.273462
0.079629
0.327880
0.673946
0.014492
0.567326
0.042247
0.050396
0.997488
0.786615
0.633656
0.860674
0.354739
0.106415
0.516253
0.665829
0.579768
0.162576
0.408834
0.271564
0.176155
0.635991
0.093708
0.947518
0.938601
0.063426
0.000502
0.434729
0.483491
0.035100
0.923978
0.300311
0.321800
0.488322
0.229040
0.474055
0.444128
0.460977
0.645502
0.944396
0.469823
0.314860
0.848763
0.168000
0.581622
0.316119
0.018325
0.994224
0.928838
0.975259
0.184336
0.135242
0.005325
0.505646
0.391076
0.818858
0.541732
0.889285
0.217706
0.989768
0.025287
0.001638
0.528996
0.829047
0.785845
0.703586
0.176278
0.712256
0.885062
0.239049
0.690749
0.416606
0.902002
0.948009
0.183094
0.257901
0.537035
0.949950
0.810562
0.115958
0.898814
0.364678
0.138118
0.352229
0.905020
0.665801
0.113857
0.586510
0.468398
0.370560
0.009745
0.776669
0.480660
0.452058
0.744265
0.860638
0.738327
0.058683
0.285472
0.922788
0.299382
0.718101
0.127816
0.207599
0.111935
0.288813
0.086583
0.194638
0.276976
0.129429
0.308664
0.717801
0.086852
0.718256
0.723909
0.738841
0.708965
0.582724
0.839672
0.365294
0.493665
0.023526
0.398741
0.633007
0.944478
0.842451
0.069833
0.688197
0.521388
0.963555
0.473014
0.938340
0.682592
0.328975
0.088814
0.696197
0.975657
0.862553
0.935251
0.759939
0.287266
0.076458
0.035674
0.571614
0.115595
0.802917
0.633795
0.197503
0.433674
0.765937
0.107243
0.438644
0.289459
0.932263
0.551455
0.309604
0.519797
0.220296
0.511745
0.904422
0.617651
0.852264
0.003029
0.902424
0.038723
0.813765
0.946625
0.932508
0.665347
0.490253
0.679382
0.368891
0.946255
0.705919
0.384941
0.696362
0.762275
0.549711
0.988245
0.432661
0.725983
0.589546
0.506500
0.748379
0.997375
0.881982
0.465996
0.993860
0.799984
0.338751
0.389709
0.840982
0.383406
0.909955
0.610985
0.822484
0.488432
0.078395
0.590318
0.470552
0.569851
0.478168
0.562207
0.018545
0.689726
0.230870
0.229925
0.355528
0.366006
0.467681
0.314798
0.806275
0.071544
0.441495
0.201247
0.356768
0.192687
0.491869
0.837243
0.544486
0.172116
0.761600
0.206054
0.145043
0.744591
0.345021
0.764133
0.777448
0.575968
0.293775
0.481916
0.562226
0.330215
0.919064
0.701616
0.054129
0.745224
0.977683
0.925433
0.744418
0.427045
0.346739
0.644727
0.919432
0.889746
0.957845
0.494561
0.088042
0.726408
0.736986
0.523060
0.064478
0.689004
0.094316
0.161869
0.536662
0.681529
0.460678
0.611620
0.496752
0.904614
0.843257
0.625496
0.714150
0.719696
0.924553
0.966573
0.197020
0.310107
0.961827
0.428543
0.526611
0.748973
0.989794
0.462985
0.383978
0.512245
0.296325
0.326365
0.215041
0.193485
0.900411
0.215855
0.873947
0.427935
0.296631
0.469949
0.427862
0.078495
0.270913
0.237489
0.478712
0.714246
0.334933
0.219421
0.815389
0.245847
0.943633
0.634538
0.684616
0.342337
0.658395
0.648430
0.155745
0.612511
0.464237
0.426784
0.952452
0.859742
0.687968
0.682875
0.071520
0.042295
0.853287
0.196098
0.825408
0.633390
0.386026
0.939746
0.319503
0.889827
0.325510
0.854577
0.873701
0.295612
0.344491
0.859830
0.158207
0.977142
0.820532
0.680128
0.908206
0.211964
0.485876
0.122507
0.970937
0.543099
0.869274
0.891235
0.982535
0.467544
0.016076
0.184831
0.454336
0.017997
0.472110
0.759355
0.483236
0.741554
0.293403
0.220555
0.859427
0.381878
0.219420
0.797600
0.260454
0.452735
0.122788
0.704685
0.648107
0.725983
0.588928
0.115015
0.055558
0.764015
0.793370
0.168220
0.277335
0.169672
0.674335
0.548970
0.544318
0.349513
0.263692
0.879788
0.599015
0.642117
0.057594
0.982161
0.180716
0.289314
0.496776
0.307163
0.489390
0.185243
0.383686
0.602552
0.090302
0.706408
0.603732
0.920741
0.890930
0.857899
0.707708
0.451550
0.206299
0.262183
0.513422
0.080815
0.252532
0.310361
0.245528
0.584581
0.054872
0.229480
0.875053
0.021948
0.878306
0.684105
0.749688
0.005415
0.009138
0.589405
0.134883
0.983975
0.672196
0.591155
0.542810
0.010586
0.916978
0.642463
0.879145
0.787418
0.132367
0.686143
0.013118
0.470403
0.062626
0.558509
0.863610
0.696883
0.508618
0.341775
0.204853
0.970291
0.686618
0.990309
0.123261
0.654985
0.337125
0.058455
0.445691
0.721632
0.460602
0.331727
0.333030
0.232643
0.035283
0.002559
0.004655
0.231338
0.104215
0.549548
0.259589
0.914362
0.686005
0.679701
0.741944
0.847024
0.938976
0.377310
0.453397
0.250383
0.184170
0.340046
0.152752
0.309219
0.037810
0.467249
0.049376
0.857560
0.005212
0.599127
0.522809
0.851160
0.452295
0.724717
0.321998
0.827169
0.222529
0.038583
0.470159
0.955966
0.918777
0.883343
0.341010
0.351036
0.858565
0.906789
0.397191
0.597251
0.999258
0.529659
0.976817
0.369747
0.346046
0.003088
0.906484
0.284639
0.931760
0.089350
0.706930
0.377280
0.938156
0.591638
0.663388
0.567261
0.954445
0.350146
0.902546
0.087478
0.249794
0.285448
0.529443
0.341688
0.750213
0.830836
0.859014
0.442189
0.873447
0.024778
0.436577
0.546719
0.698516
0.961220
0.230471
0.527149
0.789940
0.521892
0.441947
0.805825
0.495533
0.415656
0.937704
0.983914
0.646433
0.590952
0.131257
0.031045
0.779006
0.756707
0.976521
0.383302
0.148936
0.161737
0.313332
0.163598
0.589538
0.364843
0.914413
0.541043
0.314594
0.378999
0.832587
0.292431
0.887376
0.124763
0.899565
0.995804
0.473620
0.138220
0.067283
0.832838
0.504896
0.786466
0.133382
0.746572
0.633668
0.066070
0.432452
0.212491
0.330315
0.609207
0.944654
0.801484
0.534463
0.726439
0.256516
0.264512
0.656976
0.802062
0.249069
0.110576
0.452376
0.079164
0.514690
0.395438
0.131660
0.802224
0.984863
0.591337
0.604408
0.277930
0.162967
0.987570
0.094748
0.431518
0.515784
0.774735
0.974117
0.984366
0.240319
0.049098
0.197356
0.960800
0.165631
0.760405
0.132411
0.423755
0.055037
0.005204
0.461610
0.272334
0.110044
0.510827
0.471589
0.990135
0.206217
0.890589
0.121436
0.981284
0.440962
0.253703
0.991246
0.874456
0.976646
0.496468
0.140961
0.132362
0.600852
0.514303
0.883602
0.693488
0.461156
0.646398
0.004655
0.240934
0.369544
0.921673
0.564651
0.086995
0.129967
0.356401
0.030087
0.664418
0.872467
0.550857
0.257870
0.013897
0.569577
0.884011
0.565189
0.138364
0.475786
0.534837
0.997959
0.695364
0.988557
0.684491
0.237952
0.251768
0.466976
0.473673
0.026646
0.842380
0.882197
0.091922
0.924955
0.723336
0.110271
0.319733
0.756171
0.965920
0.217821
0.918623
0.302402
0.466925
0.605909
0.511310
0.591071
0.131520
0.458939
0.387253
0.557424
0.627059
0.972143
0.811948
0.406074
0.888735
0.973942
0.050503
0.801216
0.037573
0.481052
0.039279
0.154411
0.192170
0.794863
0.259396
0.663828
0.964917
0.365629
0.124002
0.097543
0.401160
0.289813
0.891676
0.394850
0.249006
0.038700
0.431525
0.641052
0.168572
0.192904
0.138378
0.712721
0.709835
0.193483
0.869458
0.983903
0.454898
0.466663
0.202207
0.486367
0.366405
0.168540
0.653628
0.527086
0.727996
0.422495
0.866989
0.486724
0.374623
0.281582
0.547819
0.188212
0.275717
0.981288
0.501366
0.462352
0.753123
0.736174
0.874185
0.423468
0.231309
0.610246
0.410512
0.474073
0.752636
0.549048
0.851697
0.473947
0.621555
0.467026
0.300490
0.336275
0.766643
0.975384
0.286718
0.868195
0.751816
0.773284
0.588528
0.387163
0.042896
0.960448
0.252613
0.673018
0.421359
0.782834
0.087991
0.865953
0.077944
0.007122
0.693024
0.660621
0.064493
0.935629
0.113096
0.796782
0.519619
0.242714
0.302557
0.081566
0.881710
0.892954
0.885794
0.542962
0.562867
0.099682
0.360900
0.649617
0.109512
0.569498
0.547071
0.622530
0.859200
0.567000
0.571506
0.294954
0.298800
0.923298
0.875964
0.324002
0.509381
0.165218
0.818424
0.245865
0.258574
0.846671
0.998387
0.882296
0.744796
0.785047
0.278146
0.807582
0.030904
0.403609
0.459552
0.693971
0.564461
0.899174
0.421176
0.707775
0.575652
0.978810
0.854610
0.431870
0.439124
0.360465
0.328588
0.584812
0.927351
0.995516
0.632870
0.648573
0.574610
0.470541
0.378746
0.588457
0.191450
0.699624
0.579323
0.685458
0.494487
0.836872
0.306369
0.136548
0.961070
0.697302
0.559723
0.259700
0.775042
0.137447
0.067027
0.517558
0.593883
0.390730
0.999592
0.145509
0.574388
0.746715
0.041459
0.798130
0.165430
0.384227
0.703672
0.621840
0.267877
0.210493
0.753015
0.930568
0.054158
0.230795
0.976673
0.946437
0.774553
0.904756
0.231536
0.433850
0.723060
0.476653
0.109187
0.113955
0.238014
0.309377
0.694439
0.443283
0.253574
0.810241
0.712883
0.419089
0.629605
0.763842
0.900071
0.489473
0.568194
0.637002
0.085405
0.403213
0.808328
0.567793
0.892604
0.001859
0.249996
0.681193
0.802651
0.156909
0.162703
0.543640
0.965574
0.395495
0.091125
0.545824
0.663732
0.345610
0.671111
0.360418
0.550647
0.728670
0.758325
0.172403
0.569471
0.105452
0.339758
0.317684
0.316006
0.114600
0.084947
0.712240
0.623920
0.217672
0.407963
0.637654
0.057591
0.936839
0.445385
0.578893
0.453862
0.052091
0.496742
0.749871
0.078110
0.797066
0.283742
0.845878
0.663521
0.800421
0.683838
0.261570
0.213889
0.825467
0.626102
0.902150
0.430024
0.419537
0.151755
0.546623
0.087787
0.432118
0.610321
0.660798
0.030343
0.969672
0.283573
0.016175
0.860840
0.140129
0.142140
0.939212
0.330480
0.374029
0.299071
0.493655
0.866568
0.408399
0.968270
0.716082
0.195504
0.843351
0.208418
0.889491
0.674136
0.206985
0.804176
0.787250
0.318959
0.745137
0.523106
0.838279
0.961656
0.548126
0.359063
0.766192
0.395241
0.808928
0.645041
0.211693
0.925928
0.077161
0.841619
0.088886
0.898836
0.729872
0.954388
0.407773
0.437476
0.650633
0.187409
0.782391
0.653817
0.699450
0.649655
0.750609
0.487413
0.957039
0.948086
0.487452
0.608748
0.231243
0.498237
0.863884
0.291869
0.448641
0.316120
0.035708
0.139652
0.128258
0.637202
0.460370
0.443594
0.491418
0.264182
0.108394
0.771780
0.299846
0.513048
0.791740
0.774425
0.763579
0.465767
0.151778
0.926718
0.352006
0.160196
0.412628
0.034450
0.002186
0.738503
0.027413
0.725421
0.156024
0.302024
0.117665
0.602211
0.359600
0.791796
0.718661
0.534643
0.736680
0.372894
0.228377
0.339918
0.999053
0.082988
0.787221
0.830695
0.497148
0.573870
0.032499
0.212015
0.341369
0.386591
0.433101
0.130370
0.123228
0.100933
0.382489
0.490880
0.226901
0.530593
0.682924
0.902211
0.463129
0.802185
0.321101
0.739987
0.961427
0.701591
0.640795
0.840019
0.193802
0.236015
0.708308
0.535538
0.779423
0.762435
0.238350
0.953833
0.062626
0.557703
0.315218
0.869535
0.267654
0.466749
0.652057
0.124696
0.763552
0.022779
0.849893
0.154271
0.837239
0.469024
0.884763
0.215083
0.901482
0.203340
0.540117
0.740831
0.150533
0.001503
0.267065
0.566744
0.269257
0.394359
0.985925
0.441978
0.332352
0.831768
0.519312
0.083979
0.432578
0.344652
0.564552
0.433949
0.376044
0.178273
0.242472
0.232368
0.407927
0.022244
0.846696
0.423538
0.409561
0.492714
0.036163
0.792784
0.327461
0.635591
0.371624
0.878206
0.016157
0.547817
0.154754
0.951673
0.768535
0.772052
0.882412
0.702601
0.620440
0.727520
0.431333
0.419179
0.138865
0.905521
0.097219
0.956863
0.000558
0.383371
0.310330
0.711809
0.365119
0.549925
0.583734
0.813298
0.100236
0.670703
0.504738
0.131292
0.623376
0.084964
0.989912
0.453105
0.338898
0.855994
0.686471
0.510563
0.032777
0.886674
0.336076
0.423117
0.322298
0.870207
0.569385
0.662020
0.562415
0.516901
0.554875
0.787470
0.004295
0.179583
0.246458
0.222950
0.127779
0.582499
0.057258
0.336124
0.241896
0.542618
0.787804
0.628887
0.704863
0.634571
0.230560
0.023825
0.418856
0.705682
0.399926
0.548471
0.155530
0.992838
0.631834
0.232084
0.642388
0.610741
0.721169
0.689009
0.176563
0.492485
0.192993
0.635766
0.311576
0.653709
0.888623
0.093923
0.569186
0.313140
0.937482
0.266350
0.539376
0.284883
0.025342
0.929438
0.070704
0.328782
0.841685
0.194047
0.349899
0.757419
0.939517
0.469368
0.664177
0.820889
0.674078
0.227860
0.637653
0.027812
0.435555
0.367134
0.415141
0.274523
0.912387
0.491978
0.669623
0.355286
0.290597
0.058337
0.466582
0.840379
0.253541
0.262316
0.752335
0.490482
0.533869
0.729551
0.567436
0.895892
0.249366
0.095629
0.235760
0.422768
0.468119
0.683911
0.499146
0.152790
0.939461
0.512813
0.852634
0.227199
0.537654
0.350569
0.007981
0.140729
0.232130
0.401819
0.380013
0.883608
0.804560
0.245445
0.197130
0.167328
0.273567
0.838316
0.578867
0.012713
0.661587
0.291546
0.017885
0.587239
0.724610
0.519859
0.278382
0.763013
0.965956
0.822236
0.318926
0.190224
0.099313
0.154120
0.291352
0.752692
0.495874
0.161769
0.850221
0.655864
0.114641
0.763893
0.746900
0.141225
0.575266
0.498576
0.566028
0.225093
0.129892
0.087887
0.122309
0.642586
0.941784
0.571483
0.915031
0.928412
0.818538
0.163960
0.671230
0.354640
0.431368
0.009608
0.481140
0.526633
0.121821
0.450021
0.500534
0.476262
0.543435
0.511961
0.531881
0.330153
0.874259
0.669974
0.254827
0.869912
0.617023
0.311976
0.382242
0.345073
0.635153
0.012504
0.159091
0.842907
0.746069
0.186950
0.066687
0.809998
0.636510
0.830597
0.841934
0.383980
0.551697
0.378315
0.332794
0.270356
0.873129
0.673670
0.367765
0.030985
0.761116
0.083519
0.703921
0.805794
0.974805
0.548922
0.737591
0.697387
0.978291
0.141490
0.017717
0.767109
0.792644
0.964876
0.665795
0.014986
0.869632
0.906363
0.243444
0.561234
0.665268
0.166023
0.354090
0.192770
0.885283
0.956582
0.271655
0.700254
0.173316
0.918547
0.015559
0.497647
0.956412
0.422019
0.870827
0.986267
0.194963
0.735046
0.925191
0.682336
0.026554
0.294387
0.760005
0.404034
0.598062
0.625914
0.734888
0.271003
0.746092
0.571217
0.440547
0.275712
0.899338
0.169187
0.519023
0.227591
0.130431
0.152545
0.819292
0.838859
0.697581
0.241199
0.823820
0.943804
0.510909
0.847128
0.677166
0.130830
0.861825
0.692782
0.590995
0.861574
0.479746
0.089647
0.693768
0.151280
0.559774
0.117298
0.422792
0.857442
0.031183
0.085899
0.703602
0.445686
0.637537
0.087068
0.352540
0.137362
0.648677
0.318826
0.508157
0.603272
0.191458
0.829049
0.819726
0.130671
0.191718
0.208677
0.234433
0.113366
0.346892
0.221966
0.576143
0.233555
0.363587
0.811375
0.786018
0.612617
0.245980
0.188095
0.304498
0.690126
0.944470
0.712275
0.201803
0.704873
0.793743
0.446095
0.524867
0.445239
0.125757
0.591857
0.341876
0.906142
0.523140
0.415952
0.897336
0.532563
0.783950
0.848753
0.991743
0.219095
0.328658
0.758704
0.543271
0.749002
0.483458
0.472047
0.700886
0.786616
0.655359
0.614961
0.648298
0.943231
0.879802
0.839652
0.034489
0.654436
0.097767
0.174964
0.627416
0.977590
0.360613
0.815981
0.187715
0.922062
0.097744
0.781799
0.695091
0.388625
0.612585
0.721042
0.554030
0.588722
0.649827
0.647555
0.462770
0.778260
0.211718
0.345915
0.789486
0.890024
0.630915
0.787097
0.736688
0.509628
0.325074
0.520502
0.075508
0.059393
0.223166
0.747185
0.942617
0.561376
0.052084
0.376811
0.064805
0.182153
0.442444
0.158596
0.515306
0.751822
0.877500
0.145715
0.027633
0.428053
0.288982
0.913139
0.119128
0.183929
0.293774
0.458593
0.579617
0.626355
0.141670
0.055248
0.555754
0.552268
0.960827
0.622143
0.359588
0.590854
0.485950
0.367995
0.894542
0.574073
0.451268
0.469397
0.147447
0.147769
0.547118
0.414856
0.481796
0.538609
0.393561
0.584536
0.288905
0.626155
0.782170
0.933537
0.948780
0.148539
0.493099
0.515575
0.269899
0.195680
0.786559
0.703641
0.093772
0.018698
0.252588
0.252664
0.526758
0.220979
0.989405
0.937632
0.780046
0.240785
0.869081
0.650664
0.709052
0.039047
0.259752
0.648043
0.651563
0.818296
0.105173
0.648147
0.412128
0.638352
0.789217
0.371274
0.000486
0.164194
0.616768
0.025928
0.764868
0.135215
0.559606
0.297073
0.912372
0.235195
0.914794
0.944665
0.979768
0.965277
0.415678
0.306521
0.702180
0.547241
0.478419
0.787320
0.482701
0.756545
0.256490
0.819646
0.786023
0.684337
0.658271
0.555267
0.374306
0.969089
0.486454
0.829138
0.318069
0.777136
0.319442
0.859133
0.456501
0.411670
0.944578
0.514281
0.514448
0.319097
0.069319
0.036975
0.439601
0.374033
0.369086
0.230708
0.511780
0.492480
0.103976
0.524963
0.056641
0.967109
0.194065
0.652138
0.483721
0.905850
0.620162
0.069351
0.586746
0.443067
0.625496
0.706253
0.998067
0.518783
0.188590
0.634877
0.380288
0.493809
0.454044
0.116537
0.643841
0.036198
0.371865
0.939943
0.628985
0.353535
0.858870
0.025312
0.426015
0.034020
0.772037
0.630599
0.474268
0.019198
0.659526
0.645470
0.407359
0.478338
0.433256
0.735361
0.212936
0.821215
0.161599
0.000319
0.354152
0.237011
0.446204
0.352301
0.124157
0.701673
0.021711
0.893510
0.219272
0.299892
0.290746
0.570210
0.519686
0.368538
0.013382
0.907164
0.703187
0.460056
0.164747
0.911004
0.252388
0.887662
0.933981
0.423464
0.154634
0.934536
0.745170
0.078731
0.232011
0.405900
0.955592
0.636316
0.554667
0.280724
0.130637
0.614077
0.799148
0.272418
0.523079
0.395401
0.501300
0.354154
0.265397
0.533762
0.932805
0.648185
0.048443
0.186680
0.524333
0.461600
0.107956
0.421880
0.532245
0.442868
0.279848
0.406427
0.812514
0.925788
0.718872
0.086069
0.559570
0.689184
0.109291
0.858609
0.641747
0.847800
0.981848
0.915847
0.635390
0.996087
0.235567
0.173878
0.369968
0.046956
0.197732
0.284428
0.383073
0.304686
0.852503
0.023912
0.887998
0.584659
0.364192
0.975285
0.623035
0.354418
0.706056
0.680141
0.125802
0.357088
0.580649
0.972125
0.498439
0.265357
0.850739
0.366958
0.460507
0.734130
0.524336
0.518224
0.783854
0.226386
0.865950
0.013831
0.449561
0.774225
0.398741
0.635284
0.221974
0.723599
0.537022
0.723463
0.238511
0.653539
0.022646
0.613594
0.678225
0.928080
0.238978
0.507112
0.036141
0.419889
0.078007
0.064409
0.527438
0.650413
0.486765
0.060033
0.966454
0.195121
0.390815
0.432068
0.769949
0.527720
0.397661
0.494457
0.335922
0.835625
0.351085
0.683425
0.331970
0.420124
0.027905
0.002245
0.733102
0.244143
0.316582
0.790740
0.960856
0.107942
0.173173
0.524413
0.816939
0.295956
0.129156
0.727491
0.941974
0.755900
0.404884
0.888723
0.760165
0.095820
0.441840
0.009219
0.943962
0.169104
0.130719
0.002428
0.813537
0.122943
0.304582
0.106714
0.547200
0.786803
0.792982
0.640379
0.844387
0.615719
0.396350
0.453288
0.409308
0.234887
0.744053
0.295719
0.144290
0.078818
0.691730
0.913380
0.171051
0.848371
0.570418
0.015444
0.563141
0.709015
0.409689
0.648518
0.646058
0.301204
0.340900
0.502205
0.555334
0.505921
0.017877
0.459990
0.051713
0.132926
0.085887
0.500500
0.908545
0.923821
0.657494
0.509962
0.927518
0.793842
0.100559
0.087130
0.387929
0.929045
0.454777
0.438029
0.949831
0.808827
0.958960
0.236767
0.337736
0.327340
0.599060
0.397620
0.794897
0.830728
0.053901
0.909043
0.283909
0.665100
0.337104
0.705188
0.093009
0.208598
0.910947
0.284165
0.953277
0.732757
0.439693
0.921392
0.836718
0.714565
0.688013
0.435756
0.743664
0.763080
0.078678
0.338803
0.261214
0.231381
0.814059
0.895395
0.906707
0.022678
0.141671
0.058942
0.641590
0.197980
0.443689
0.088279
0.708324
0.795913
0.910097
0.995899
0.069589
0.587054
0.615796
0.685040
0.465484
0.381660
0.565609
0.197365
0.115339
0.510796
0.943097
0.637915
0.445625
0.623130
0.948196
0.324309
0.659163
0.555967
0.142849
0.867271
0.231860
0.867112
0.544034
0.581454
0.497022
0.449347
0.179143
0.858068
0.552507
0.990625
0.429258
0.539986
0.543782
0.336494
0.453035
0.167431
0.016789
0.170634
0.841516
0.367147
0.637746
0.603831
0.594566
0.877680
0.168157
0.211423
0.380616
0.007479
0.694253
0.310418
0.203131
0.022187
0.899674
0.825022
0.143154
0.992150
0.069367
0.855402
0.740721
0.289391
0.789332
0.299026
0.730772
0.089131
0.024013
0.588011
0.696848
0.929858
0.122341
0.191277
0.793036
0.549411
0.958480
0.173892
0.609173
0.367913
0.518800
0.467060
0.880917
0.573257
0.724153
0.845118
0.903346
0.538331
0.721688
0.417281
0.247874
0.016404
0.707469
0.436850
0.135577
0.644451
0.296599
0.938272
0.539762
0.786537
0.332851
0.227983
0.705348
0.785288
0.339257
0.897387
0.388196
0.415714
0.911813
0.834715
0.062859
0.479622
0.005461
0.786172
0.187163
0.653692
0.603673
0.934595
0.735010
0.320486
0.415135
0.181335
0.691944
0.499406
0.522502
0.695790
0.143565
0.898092
0.224398
0.458075
0.865229
0.903080
0.061593
0.186106
0.883749
0.161863
0.427234
0.520175
0.587063
0.765475
0.345238
0.417271
0.065433
0.739025
0.791804
0.843625
0.798506
0.486859
0.639550
0.922857
0.461246
0.160440
0.515923
0.112933
0.072165
0.874820
0.095083
0.056180
0.224904
0.963296
0.109578
0.675317
0.047309
0.120924
0.370940
0.381043
0.190779
0.416958
0.810105
0.429665
0.374003
0.866539
0.926256
0.582832
0.650208
0.054127
0.717691
0.227745
0.705909
0.213254
0.151904
0.048322
0.141767
0.673358
0.124990
0.708237
0.334252
0.781245
0.390320
0.112301
0.445028
0.579198
0.585471
0.012096
0.305610
0.385671
0.965871
0.394276
0.591790
0.221163
0.089493
0.107818
0.093010
0.227241
0.233958
0.136042
0.457892
0.784316
0.000475
0.981668
0.892473
0.798603
0.126491
0.937704
0.993462
0.122534
0.429445
0.684418
0.007075
0.909213
0.151139
0.191475
0.124917
0.474269
0.034272
0.001305
0.941320
0.767513
0.588038
0.148649
0.343292
0.706381
0.146093
0.380117
0.625320
0.750085
0.676268
0.032089
0.319410
0.326729
0.335387
0.848417
0.352053
0.957421
0.377879
0.014990
0.939224
0.540375
0.085969
0.878207
0.031543
0.151108
0.674818
0.657832
0.188924
0.245813
0.372128
0.350635
0.117173
0.333754
0.396418
0.591766
0.816736
0.874291
0.202793
0.347443
0.480247
0.518005
0.105499
0.123647
0.142544
0.745077
0.511814
0.051447
0.664343
0.612680
0.307713
0.735972
0.478112
0.625673
0.680665
0.934451
0.321483
0.171228
0.823456
0.819052
0.800202
0.989690
0.715576
0.678943
0.000748
0.564070
0.319733
0.759591
0.447933
0.417347
0.348731
0.121685
0.152089
0.164406
0.175192
0.443600
0.592316
0.049347
0.372207
0.689280
0.735071
0.334878
0.290932
0.698355
0.252843
0.526582
0.260561
0.242587
0.157248
0.863845
0.640027
0.929343
0.460045
0.983520
0.021982
0.455547
0.385207
0.175832
0.204545
0.789501
0.143152
0.957597
0.330033
0.857904
0.800388
0.122038
0.084524
0.597045
0.543047
0.995499
0.354878
0.426339
0.473566
0.217855
0.486473
0.158158
0.166682
0.424881
0.970988
0.393794
0.500694
0.167336
0.417275
0.135182
0.003793
0.746435
0.333600
0.820126
0.851128
0.901170
0.965214
0.350815
0.143529
0.286437
0.151641
0.635329
0.981469
0.545174
0.744303
0.508215
0.569531
0.109857
0.373337
0.682313
0.639337
0.330781
0.431084
0.230107
0.406224
0.401211
0.155457
0.760271
0.877117
0.705497
0.291761
0.631288
0.057873
0.679446
0.451168
0.780826
0.343504
0.277084
0.946555
0.752315
0.161509
0.474482
0.615438
0.667791
0.557834
0.518928
0.622231
0.836251
0.877645
0.586931
0.557586
0.351363
0.355431
0.735367
0.306446
0.434708
0.133989
0.952095
0.857105
0.361369
0.535279
0.427938
0.357614
0.412394
0.104533
0.880323
0.593227
0.367469
0.050362
0.428120
0.412527
0.346467
0.063577
0.538218
0.825610
0.020423
0.257676
0.766244
0.254396
0.632697
0.730496
0.447225
0.514950
0.759758
0.258453
0.820909
0.020379
0.511909
0.661949
0.378849
0.320276
0.873210
0.045319
0.680515
0.419753
0.783237
0.869548
0.490917
0.845231
0.805083
0.037009
0.014534
0.271488
0.891660
0.128049
0.125808
0.453266
0.048528
0.605929
0.849910
0.441937
0.640180
0.498246
0.029012
0.607661
0.965334
0.375254
0.891650
0.959524
0.722616
0.003864
0.935237
0.529006
0.001751
0.430216
0.646231
0.208740
0.286884
0.657427
0.372595
0.198456
0.450394
0.770137
0.688353
0.144176
0.170193
0.439798
0.687851
0.704728
0.369416
0.774689
0.197843
0.145774
0.015227
0.918463
0.613379
0.055986
0.951283
0.205733
0.759805
0.039486
0.634477
0.653508
0.501825
0.168407
0.410849
0.137751
0.177630
0.430140
0.358066
0.009576
0.940088
0.056263
0.614687
0.049101
0.235877
0.389793
0.255027
0.236355
0.412753
0.140870
0.608638
0.377340
0.958519
0.830767
0.707269
0.078210
0.483022
0.154063
0.344385
0.074940
0.518705
0.871757
0.612795
0.251196
0.857212
0.169746
0.919683
0.104895
0.974396
0.675805
0.252044
0.103435
0.432436
0.953594
0.060284
0.185149
0.798290
0.861270
0.364580
0.490534
0.411682
0.139407
0.015979
0.553338
0.955481
0.776927
0.806960
0.568277
0.032295
0.773813
0.475660
0.412497
0.843646
0.155302
0.163083
0.930584
0.323721
0.786832
0.290786
0.232931
0.876511
0.516011
0.589253
0.571293
0.729167
0.104068
0.071242
0.372058
0.177431
0.076580
0.073535
0.907042
0.651809
0.958868
0.698142
0.666276
0.099023
0.276374
0.022581
0.513661
0.094404
0.644888
0.632137
0.334032
0.074176
0.675437
0.072969
0.388940
0.918457
0.501438
0.671002
0.528359
0.132896
0.590008
0.266244
0.755331
0.851462
0.525332
0.255916
0.180635
0.925381
0.880285
0.945243
0.696300
0.707711
0.490447
0.949106
0.620635
0.004577
0.933985
0.479688
0.122104
0.203171
0.687718
0.478565
0.234805
0.374423
0.919718
0.701695
0.388431
0.359649
0.617854
0.269124
0.165190
0.340804
0.889268
0.932576
0.805070
0.812189
0.460032
0.753002
0.707970
0.856387
0.304221
0.049621
0.980671
0.137375
0.861781
0.961259
0.885476
0.187714
0.910565
0.868733
0.797581
0.938047
0.753553
0.961541
0.612501
0.301761
0.702302
0.585963
0.283004
0.440120
0.090166
0.425288
0.810773
0.659902
0.971579
0.322279
0.549506
0.545441
0.222732
0.455960
0.313814
0.264297
0.040231
0.164791
0.650761
0.335661
0.458321
0.003101
0.115511
0.395885
0.638705
0.717074
0.854307
0.339228
0.405766
0.710496
0.311795
0.345126
0.527930
0.922611
0.325010
0.439406
0.103143
0.518212
0.587193
0.944845
0.015413
0.053316
0.074419
0.767791
0.261624
0.122679
0.861889
0.760510
0.896819
0.828865
0.741294
0.925545
0.638681
0.307136
0.036502
0.488057
0.770506
0.895368
0.448575
0.195173
0.272925
0.056170
0.045813
0.984090
0.592990
0.384348
0.734615
0.677863
0.848987
0.919727
0.851124
0.839420
0.132066
0.624823
0.393988
0.752934
0.563661
0.453307
0.738853
0.896532
0.017354
0.676824
0.374356
0.793277
0.599385
0.870013
0.304811
0.962140
0.692395
0.080622
0.020970
0.436873
0.518756
0.734559
0.733174
0.448731
0.823706
0.028300
0.637261
0.444521
0.057378
0.349473
0.600971
0.522964
0.451542
0.066246
0.393464
0.956181
0.536704
0.382819
0.035722
0.382121
0.300473
0.045689
0.900107
0.105377
0.065970
0.753437
0.016187
0.053729
0.020455
0.790910
0.830363
0.911813
0.842135
0.760683
0.793467
0.805786
0.849513
0.760472
0.251988
0.167425
0.907588
0.823876
0.880456
0.821856
0.936483
0.466305
0.181036
0.678286
0.945406
0.441446
0.376128
0.590839
0.234779
0.925760
0.252937
0.115390
0.352318
0.412230
0.344579
0.342410
0.887566
0.315746
0.749623
0.908980
0.222709
0.061792
0.544652
0.957850
0.584987
0.875646
0.990300
0.980610
0.115721
0.918917
0.242500
0.697254
0.752542
0.978382
0.664532
0.797441
0.585229
0.942917
0.600345
0.999291
0.085480
0.658994
0.704124
0.219766
0.599522
0.168938
0.346238
0.225087
0.040796
0.661707
0.311321
0.369484
0.919554
0.940106
0.359120
0.732475
0.708254
0.620032
0.883579
0.318660
0.721868
0.440702
0.873887
0.419632
0.757233
0.813869
0.696766
0.544231
0.883102
0.291404
0.621779
0.241097
0.110377
0.112770
0.326510
0.656446
0.880345
0.958249
0.289908
0.482589
0.870273
0.676480
0.602917
0.224477
0.788612
0.209978
0.097090
0.794570
0.345837
0.478139
0.075932
0.181155
0.664242
0.922223
0.803163
0.764404
0.342867
0.566228
0.591214
0.532572
0.936963
0.544049
0.831397
0.287824
0.460917
0.629756
0.312562
0.233082
0.407488
0.652856
0.550003
0.896106
0.858841
0.534294
0.876725
0.111711
0.521411
0.346891
0.193877
0.487021
0.366054
0.268264
0.709760
0.941499
0.769489
0.800511
0.193294
0.691694
0.301170
0.759111
0.377648
0.122498
0.831064
0.699750
0.690956
0.896077
0.366468
0.228966
0.234695
0.514611
0.068970
0.186561
0.522981
0.749954
0.470570
0.868794
0.827061
0.418699
0.077634
0.799894
0.814910
0.193131
0.951119
0.450820
0.932227
0.943652
0.953439
0.454870
0.992401
0.275321
0.315052
0.085711
0.539487
0.164855
0.717432
0.883883
0.418894
0.346881
0.027833
0.781308
0.443538
0.547065
0.520051
0.503402
0.670911
0.006678
0.240748
0.247214
0.921094
0.821361
0.616864
0.640601
0.589015
0.580448
0.585623
0.571358
0.820022
0.104055
0.852261
0.944746
0.340516
0.045888
0.246232
0.429008
0.343448
0.324090
0.984706
0.959047
0.710895
0.006284
0.612196
0.186008
0.237855
0.633478
0.872371
0.938782
0.104268
0.429631
0.815404
0.488448
0.351990
0.888316
0.921405
0.061162
0.955253
0.937443
0.604239
0.442499
0.074625
0.224182
0.821153
0.123541
0.354250
0.886638
0.718113
0.330903
0.481663
0.314440
0.801087
0.863626
0.966564
0.037722
0.989967
0.371099
0.063758
0.582261
0.053695
0.443675
0.850538
0.984933
0.773041
0.495039
0.125528
0.746386
0.512747
0.742292
0.698120
0.299384
0.739052
0.254475
0.963046
0.918338
0.506708
0.240324
0.133075
0.597823
0.605907
0.481547
0.352863
0.564480
0.212487
0.273449
0.855639
0.716383
0.249625
0.447716
0.768991
0.430335
0.633479
0.889292
0.323480
0.722974
0.031217
0.658171
0.878209
0.062450
0.593834
0.560235
0.867203
0.086745
0.915639
0.151317
0.187402
0.658680
0.436000
0.846122
0.767020
0.298887
0.399555
0.322790
0.133507
0.849165
0.918142
0.213904
0.083643
0.794658
0.810518
0.380576
0.345164
0.177394
0.454422
0.477067
0.061954
0.259572
0.627330
0.537624
0.854510
0.748355
0.608592
0.610818
0.016011
0.089906
0.054699
0.322211
0.401354
0.557307
0.655150
0.105656
0.761783
0.294785
0.453899
0.674233
0.830135
0.083748
0.553047
0.063069
0.006340
0.563554
0.656459
0.109611
0.226215
0.992216
0.179553
0.753726
0.866885
0.727904
0.887493
0.097525
0.103672
0.406948
0.577774
0.644686
0.233544
0.181069
0.218618
0.314300
0.432890
0.581236
0.840910
0.177003
0.886064
0.072990
0.739249
0.549854
0.395660
0.850907
0.189906
0.746076
0.307030
0.250971
0.062456
0.705485
0.078321
0.332730
0.189527
0.373048
0.823069
0.325897
0.342731
0.278525
0.174975
0.807657
0.292851
0.951183
0.528519
0.817192
0.552123
0.535255
0.036228
0.891317
0.366018
0.665430
0.880091
0.685951
0.784427
0.871282
0.643008
0.033085
0.067488
0.274155
0.722645
0.491478
0.265590
0.763000
0.739570
0.960176
0.679376
0.276508
0.274204
0.540696
0.478783
0.911892
0.168039
0.235061
0.669127
0.017886
0.611039
0.731024
0.315644
0.033433
0.908182
0.820842
0.884914
0.746530
0.930594
0.500410
0.383937
0.836539
0.718310
0.629663
0.738601
0.668508
0.621141
0.524825
0.730887
0.014144
0.716074
0.051084
0.576547
0.023408
0.418607
0.520304
0.753120
0.689873
0.696630
0.262382
0.857129
0.759270
0.047966
0.158124
0.588971
0.831511
0.208525
0.675656
0.754297
0.476038
0.771884
0.057242
0.060300
0.455628
0.744248
0.581205
0.313139
0.926259
0.641162
0.001344
0.580594
0.037124
0.941965
0.608725
0.836778
0.730639
0.844434
0.407920
0.914341
0.335211
0.892961
0.000192
0.230811
0.245861
0.188661
0.819609
0.176043
0.760667
0.535064
0.822635
0.028590
0.509066
0.876111
0.791970
0.635494
0.747519
0.551024
0.066511
0.848390
0.895948
0.198204
0.210912
0.802602
0.330162
0.036914
0.419825
0.000238
0.995604
0.118519
0.940746
0.110501
0.190483
0.452355
0.734961
0.482767
0.873368
0.698858
0.699123
0.159848
0.569116
0.134160
0.822001
0.369404
0.566202
0.162705
0.575596
0.034363
0.532026
0.759614
0.834454
0.674090
0.428778
0.475750
0.927643
0.901741
0.567652
0.535372
0.003911
0.727399
0.389308
0.105648
0.620619
0.747700
0.600702
0.001803
0.307474
0.716904
0.009304
0.380171
0.537068
0.507790
0.429487
0.396508
0.104267
0.415059
0.892042
0.551338
0.345444
0.875720
0.219400
0.464087
0.909150
0.087535
0.206067
0.361630
0.921340
0.966707
0.447883
0.577977
0.052490
0.206484
0.384091
0.410961
0.021417
0.955556
0.030296
0.189117
0.493811
0.474972
0.848583
0.132473
0.466650
0.991458
0.436808
0.426289
0.637788
0.297459
0.394116
0.910570
0.953399
0.773373
0.076422
0.430680
0.437515
0.312979
0.230420
0.660809
0.214482
0.790752
0.165594
0.136479
0.808402
0.811865
0.007870
0.268270
0.816316
0.828484
0.335951
0.322057
0.819231
0.821016
0.813619
0.502231
0.998213
0.966277
0.211849
0.553655
0.284143
0.595362
0.246629
0.097098
0.933559
0.325416
0.273055
0.243624
0.594524
0.160432
0.387562
0.761670
0.389276
0.554006
0.179622
0.906565
0.646154
0.903074
0.969226
0.777130
0.229736
0.173006
0.708298
0.363858
0.366502
0.804087
0.289056
0.171713
0.973915
0.587002
0.738789
0.823576
0.844289
0.965177
0.734519
0.068864
0.389736
0.288353
0.346452
0.821382
0.969826
0.863309
0.633441
0.242747
0.855263
0.411703
0.485168
0.223921
0.440867
0.659660
0.900708
0.204852
0.952377
0.596621
0.409727
0.273109
0.150779
0.139547
0.373328
0.524354
0.812159
0.948563
0.495471
0.388954
0.152966
0.899722
0.628876
0.520912
0.970398
0.483067
0.911124
0.257707
0.288967
0.663266
0.512166
0.972807
0.971012
0.799005
0.869675
0.632893
0.027855
0.158899
0.615665
0.481440
0.554316
0.391538
0.575815
0.721232
0.747878
0.581610
0.114551
0.262592
0.379151
0.394690
0.555060
0.890492
0.501151
0.844543
0.226714
0.375541
0.722852
0.973069
0.376796
0.813000
0.085357
0.596808
0.549251
0.262210
0.958961
0.264018
0.352314
0.345072
0.618819
0.493140
0.210784
0.640082
0.860845
0.219128
0.884573
0.019334
0.944911
0.126523
0.473098
0.362011
0.327020
0.226320
0.758362
0.786053
0.184364
0.607555
0.179302
0.531235
0.467888
0.788868
0.509668
0.984829
0.024505
0.848563
0.806864
0.968512
0.787634
0.756719
0.178144
0.059800
0.053246
0.906436
0.462902
0.990156
0.552941
0.277679
0.948420
0.099429
0.095114
0.583576
0.161834
0.939142
0.166018
0.261144
0.049998
0.316477
0.027615
0.127943
0.340957
0.471454
0.721169
0.691443
0.084815
0.485740
0.833184
0.326376
0.407883
0.284585
0.015550
0.355106
0.258677
0.582286
0.475974
0.696572
0.291302
0.911451
0.762102
0.656897
0.464840
0.571050
0.629621
0.032185
0.936213
0.929155
0.305267
0.627271
0.539027
0.421970
0.042875
0.603660
0.707928
0.137590
0.479145
0.990015
0.176605
0.195989
0.993232
0.242572
0.913284
0.567913
0.910923
0.887430
0.039721
0.587764
0.547206
0.884593
0.357644
0.928879
0.677786
0.542351
0.291383
0.275767
0.823945
0.043478
0.731788
0.154177
0.251859
0.990818
0.670251
0.916510
0.774966
0.859925
0.759255
0.794000
0.756899
0.196266
0.634730
0.911671
0.450060
0.156501
0.315976
0.603515
0.272768
0.417885
0.394355
0.918767
0.716218
0.483082
0.154986
0.843648
0.195201
0.742727
0.006516
0.522094
0.834209
0.544717
0.066385
0.728837
0.569088
0.653636
0.664885
0.713831
0.365402
0.319862
0.919473
0.589016
0.596140
0.318889
0.560029
0.413536
0.302366
0.865429
0.269201
0.464273
0.035182
0.305489
0.350674
0.773274
0.409609
0.301788
0.149626
0.759782
0.660799
0.047060
0.934388
0.256541
0.692857
0.851659
0.836951
0.629440
0.994247
0.307603
0.878054
0.459509
0.967026
0.808547
0.254427
0.162323
0.155695
0.770589
0.286677
0.184248
0.664510
0.424178
0.153499
0.858285
0.199603
0.731437
0.265006
0.960112
0.609183
0.536282
0.291236
0.804357
0.821205
0.994835
0.193129
0.915947
0.320000
0.241909
0.769959
0.697474
0.452286
0.573895
0.457283
0.557005
0.575836
0.081151
0.907679
0.359167
0.516818
0.162306
0.874212
0.882500
0.185659
0.373604
0.158050
0.338082
0.146832
0.809878
0.625071
0.566742
0.229287
0.630875
0.109545
0.115755
0.490070
0.607203
0.262457
0.121870
0.265834
0.868032
0.019443
0.774537
0.636022
0.618505
0.213902
0.053481
0.848022
0.707607
0.742968
0.060231
0.308690
0.144471
0.132448
0.053606
0.953151
0.610323
0.706927
0.314066
0.507441
0.567451
0.146273
0.406284
0.421097
0.370781
0.712228
0.410408
0.735273
0.739168
0.203405
0.634587
0.511276
0.021210
0.470552
0.568614
0.695197
0.176566
0.551824
0.512503
0.635318
0.796876
0.094903
0.037174
0.786203
0.721470
0.738489
0.779019
0.979101
0.754309
0.664137
0.151084
0.275555
0.257570
0.983412
0.209333
0.251511
0.147744
0.136077
0.050223
0.090274
0.233680
0.458252
0.848070
0.505661
0.651225
0.134936
0.862642
0.419670
0.400678
0.193121
0.788330
0.464827
0.341526
0.020908
0.394901
0.103794
0.464383
0.889210
0.949811
0.473475
0.696276
0.304316
0.638233
0.783984
0.416885
0.582860
0.120644
0.659035
0.398003
0.228525
0.811783
0.630984
0.956740
0.927588
0.969425
0.128640
0.051366
0.306945
0.830242
0.876237
0.915741
0.861222
0.563355
0.309473
0.316822
0.832151
0.970049
0.606638
0.762896
0.001537
0.837412
0.383055
0.007111
0.522723
0.398351
0.092682
0.708758
0.098009
0.244888
0.828771
0.146475
0.812766
0.164150
0.876503
0.392698
0.079863
0.253837
0.237688
0.823475
0.150303
0.137085
0.984952
0.082409
0.052267
0.448309
0.727451
0.268875
0.979968
0.324754
0.142777
0.646679
0.729959
0.416667
0.928109
0.735874
0.841281
0.418047
0.116765
0.469910
0.783149
0.390121
0.771287
0.015572
0.711996
0.513354
0.940583
0.380640
0.415366
0.049158
0.192995
0.672056
0.252299
0.395588
0.649285
0.535603
0.882933
0.459025
0.833175
0.163784
0.710334
0.584016
0.559060
0.115748
0.381581
0.230384
0.061481
0.313741
0.046389
0.655791
0.886973
0.351831
0.229244
0.905581
0.108104
0.903731
0.006394
0.469010
0.657783
0.356151
0.835927
0.432214
0.224697
0.486509
0.762573
0.566985
0.312703
0.603376
0.942005
0.280736
0.328957
0.781629
0.838012
0.466761
0.844875
0.821182
0.611875
0.786079
0.636321
0.651745
0.875448
0.659053
0.710314
0.243960
0.242165
0.064499
0.033349
0.493918
0.284835
0.225167
0.374441
0.226958
0.480644
0.186564
0.587878
0.461293
0.949902
0.995688
0.532994
0.028272
0.171592
0.946126
0.540707
0.666624
0.950345
0.451377
0.296877
0.615592
0.257317
0.728873
0.163093
0.108681
0.597628
0.341544
0.333188
0.884186
0.511755
0.063297
0.834750
0.640305
0.600707
0.077343
0.910205
0.819474
0.900378
0.649547
0.931135
0.582426
0.831735
0.965417
0.760099
0.977111
0.298865
0.028859
0.035455
0.887421
0.885667
0.397942
0.212044
0.815396
0.367343
0.936256
0.651560
0.769264
0.020931
0.780804
0.969052
0.851610
0.009915
0.636753
0.913035
0.372212
0.765775
0.385412
0.621297
0.137322
0.965333
0.359930
0.340661
0.484303
0.685658
0.845613
0.213150
0.415647
0.784635
0.367854
0.517541
0.311672
0.269627
0.627279
0.680402
0.520575
0.297415
0.659643
0.615304
0.416332
0.293092
0.002260
0.986880
0.488462
0.574759
0.979917
0.471296
0.078517
0.641899
0.391723
0.682195
0.647800
0.567521
0.322772
0.824287
0.791156
0.951862
0.947192
0.450093
0.717206
0.077732
0.435613
0.344170
0.461075
0.287341
0.336206
0.621129
0.315485
0.358130
0.082986
0.742345
0.593018
0.856231
0.674013
0.145160
0.700041
0.587539
0.776304
0.347510
0.601304
0.122316
0.767456
0.627194
0.254399
0.677886
0.229685
0.312356
0.760811
0.957787
0.528795
0.456523
0.785254
0.769357
0.578730
0.719845
0.430408
0.867119
0.664685
0.367996
0.908669
0.999781
0.318875
0.332885
0.792311
0.369100
0.462650
0.765670
0.611808
0.659286
0.614811
0.131087
0.181355
0.028814
0.280421
0.042386
0.373418
0.043765
0.558349
0.165814
0.832083
0.820425
0.889400
0.141514
0.425009
0.125141
0.249216
0.576391
0.405597
0.870002
0.118504
0.705094
0.507700
0.914232
0.496883
0.113442
0.621667
0.359974
0.082233
0.084343
0.556751
0.321563
0.507197
0.455429
0.403156
0.836371
0.889883
0.267641
0.241976
0.886782
0.139842
0.331763
0.947721
0.342062
0.032894
0.842570
0.076248
0.504792
0.035418
0.263276
0.878600
0.629102
0.322673
0.160980
0.591193
0.175157
0.869254
0.560195
0.197172
0.873626
0.032796
0.196223
0.918672
0.124820
0.852316
0.879981
0.843123
0.370680
0.019697
0.048345
0.528295
0.061639
0.960643
0.520952
0.642574
0.737540
0.829826
0.882938
0.535919
0.191943
0.986074
0.947880
0.022124
0.833065
0.329103
0.227424
0.317571
0.419184
0.221652
0.312244
0.890317
0.557959
0.612396
0.533644
0.948280
0.742783
0.962500
0.731378
0.268709
0.199682
0.051667
0.374488
0.021913
0.299937
0.041561
0.516378
0.760666
0.510294
0.505536
0.537745
0.881399
0.667804
0.786145
0.739284
0.140690
0.577900
0.763495
0.064315
0.943130
0.192883
0.790182
0.596527
0.829050
0.849114
0.055066
0.489703
0.439922
0.775409
0.305111
0.999426
0.358977
0.334147
0.005380
0.413888
0.219852
0.060893
0.430892
0.994420
0.212320
0.470435
0.596815
0.670239
0.704877
0.861637
0.536408
0.401037
0.235133
0.881541
0.062798
0.453921
0.057561
0.419461
0.876824
0.777859
0.469591
0.408328
0.761812
0.771427
0.368272
0.549565
0.540470
0.674041
0.605413
0.174286
0.225327
0.073263
0.323208
0.153134
0.722106
0.443725
0.690229
0.674223
0.668059
0.067693
0.722430
0.877487
0.929621
0.137765
0.409502
0.500189
0.676946
0.437034
0.235031
0.160076
0.405532
0.774067
0.750493
0.536221
0.271077
0.985210
0.423062
0.408789
0.516499
0.804968
0.101321
0.904930
0.162754
0.413181
0.339987
0.169213
0.955383
0.116969
0.905170
0.190650
0.256614
0.908292
0.670158
0.343488
0.994927
0.746217
0.669239
0.906952
0.150039
0.698853
0.615287
0.127062
0.524905
0.073947
0.819354
0.878600
0.624273
0.163857
0.952496
0.604061
0.457772
0.771437
0.533667
0.337642
0.747744
0.327279
0.575441
0.438771
0.419202
0.521324
0.894152
0.018104
0.271510
0.269916
0.480888
0.286635
0.472792
0.221879
0.122363
0.563257
0.652568
0.714770
0.140600
0.067919
0.520340
0.351477
0.279928
0.745933
0.899568
0.043498
0.064901
0.797054
0.081187
0.516383
0.842177
0.476357
0.134966
0.378869
0.652176
0.127730
0.755823
0.115310
0.012757
0.404411
0.937632
0.785830
0.447210
0.261414
0.593111
0.424041
0.849886
0.025723
0.329068
0.651607
0.556346
0.513209
0.496846
0.495519
0.187142
0.297365
0.819717
0.979881
0.853154
0.960934
0.422341
0.287003
0.660249
0.813345
0.889643
0.229704
0.635561
0.876848
0.190778
0.403293
0.145127
0.142772
0.570873
0.654943
0.623517
0.442932
0.352413
0.002603
0.743894
0.633117
0.804923
0.347759
0.788999
0.704307
0.285229
0.846533
0.683957
0.264510
0.627706
0.850734
0.285164
0.759083
0.902908
0.171807
0.567825
0.441397
0.563102
0.050794
0.687093
0.974106
0.794013
0.978236
0.216452
0.908847
0.996052
0.640301
0.541250
0.784767
0.576573
0.454422
0.467675
0.216608
0.533185
0.247172
0.216940
0.103486
0.294816
0.970932
0.455131
0.384535
0.887413
0.755052
0.163796
0.914821
0.403345
0.014918
0.726395
0.523960
0.196004
0.243214
0.691063
0.702880
0.311777
0.029253
0.662801
0.691807
0.205685
0.953704
0.910382
0.797501
0.607220
0.541906
0.810133
0.909468
0.429643
0.006422
0.931244
0.411088
0.162086
0.171369
0.198023
0.173201
0.988588
0.191616
0.492010
0.209830
0.619575
0.192356
0.925043
0.192377
0.279256
0.461130
0.220534
0.507451
0.732932
0.381265
0.925217
0.119486
0.201249
0.385263
0.121774
0.650847
0.782373
0.349997
0.402514
0.051047
0.952488
0.463257
0.961425
0.676085
0.959143
0.322274
0.453022
0.947589
0.120320
0.217133
0.359311
0.935448
0.074202
0.120562
0.284670
0.441640
0.644710
0.638066
0.974724
0.190906
0.563668
0.573090
0.924700
0.435988
0.657624
0.679392
0.544702
0.811128
0.623877
0.501504
0.779584
0.461436
0.359969
0.005245
0.147121
0.667197
0.580215
0.675882
0.553914
0.625266
0.844151
0.651139
0.693624
0.732040
0.387930
0.933733
0.245912
0.045617
0.681260
0.936402
0.115512
0.416492
0.977701
0.225887
0.480104
0.115364
0.925304
0.578971
0.762595
0.932562
0.574325
0.683581
0.948317
0.371163
0.131510
0.282697
0.287802
0.081174
0.284738
0.586724
0.070031
0.008362
0.534176
0.898179
0.701179
0.717933
0.300290
0.972423
0.509922
0.251852
0.873516
0.181883
0.903940
0.526789
0.744571
0.998970
0.689292
0.932522
0.901735
0.457606
0.982533
0.437475
0.647894
0.149183
0.320529
0.126271
0.230917
0.013940
0.284993
0.884763
0.203297
0.805573
0.261725
0.813018
0.393372
0.397998
0.152311
0.896802
0.546357
0.621755
0.840230
0.744869
0.008167
0.266753
0.318545
0.790821
0.333006
0.839110
0.920682
0.900143
0.700071
0.096340
0.179449
0.005111
0.905031
0.853188
0.523118
0.044739
0.928507
0.416526
0.549543
0.165915
0.538576
0.845903
0.096272
0.050879
0.124523
0.861965
0.045514
0.954716
0.911111
0.047804
0.445489
0.328525
0.515628
0.155500
0.485635
0.062398
0.717969
0.903288
0.564386
0.633181
0.868566
0.990857
0.330312
0.550486
0.016630
0.494751
0.282524
0.373856
0.405741
0.288757
0.135006
0.041129
0.248271
0.694489
0.271336
0.346172
0.120145
0.272791
0.791109
0.168396
0.225372
0.823710
0.087099
0.880663
0.307306
0.895819
0.029728
0.641338
0.969165
0.762160
0.620143
0.741192
0.207289
0.911907
0.425464
0.775989
0.039385
0.938025
0.391012
0.736580
0.707161
0.251700
0.325563
0.739575
0.035247
0.389840
0.042759
0.646269
0.844037
0.735299
0.163851
0.838403
0.046186
0.243385
0.569813
0.852880
0.350624
0.931328
0.837436
0.792437
0.485734
0.725916
0.469452
0.081337
0.025877
0.907794
0.300498
0.465167
0.062476
0.039436
0.795741
0.011828
0.790656
0.551069
0.811550
0.719670
0.500200
0.856162
0.520845
0.841304
0.789447
0.242501
0.720475
0.025160
0.859373
0.479474
0.517834
0.237135
0.524293
0.791960
0.471727
0.319302
0.509657
0.812500
0.693947
0.174974
0.789609
0.966712
0.525310
0.881315
0.255943
0.632240
0.050370
0.574191
0.433805
0.964200
0.309639
0.105937
0.479863
0.061141
0.588752
0.154362
0.362606
0.315471
0.117664
0.584445
0.768821
0.567715
0.582861
0.153014
0.699327
0.581615
0.205470
0.337077
0.246179
0.533273
0.712057
0.539360
0.018458
0.215958
0.613060
0.702913
0.866486
0.033064
0.701222
0.437208
0.149171
0.123954
0.291646
0.692039
0.098576
0.770291
0.286879
0.583671
0.760479
0.373900
0.131551
0.971691
0.216981
0.795713
0.549102
0.750470
0.141999
0.581150
0.389526
0.757267
0.390273
0.323325
0.120605
0.006668
0.065672
0.746893
0.030036
0.817910
0.613764
0.523603
0.200951
0.376731
0.725025
0.491276
0.878548
0.759812
0.157468
0.566633
0.403740
0.652564
0.634511
0.220583
0.335340
0.063237
0.823458
0.853472
0.303394
0.141897
0.858856
0.789253
0.983249
0.466292
0.966758
0.305184
0.227290
0.059484
0.741935
0.707277
0.200231
0.288677
0.796642
0.158592
0.448939
0.311379
0.344368
0.792596
0.161460
0.654153
0.350636
0.140339
0.685606
0.988171
0.196157
0.807758
0.993482
0.454857
0.787005
0.197609
0.208977
0.271648
0.596109
0.799969
0.078524
0.758253
0.964019
0.266520
0.399311
0.218039
0.588995
0.236596
0.472901
0.051528
0.026476
0.975479
0.880409
0.039532
0.419180
0.158298
0.513849
0.265234
0.785141
0.861609
0.059030
0.122112
0.332900
0.058094
0.392385
0.819392
0.524150
0.387191
0.513253
0.249978
0.376872
0.087297
0.199560
0.010973
0.422381
0.956572
0.112639
0.115475
0.784379
0.065166
0.250829
0.684899
0.103900
0.248702
0.926453
0.896008
0.199752
0.233199
0.371289
0.246195
0.793053
0.845859
0.346819
0.992287
0.358870
0.525332
0.254859
0.423033
0.918663
0.962517
0.021666
0.136809
0.356687
0.843711
0.244091
0.437094
0.231797
0.812774
0.299367
0.454869
0.985850
0.178192
0.873398
0.195550
0.613310
0.896016
0.341088
0.674115
0.847802
0.008927
0.036594
0.029805
0.925544
0.610208
0.772663
0.144340
0.918877
0.563296
0.321848
0.300261
0.485333
0.992601
0.643414
0.865255
0.347328
0.541061
0.611010
0.241187
0.628560
0.207527
0.913726
0.984986
0.667360
0.318090
0.145695
0.696961
0.824966
0.208513
0.486415
0.170580
0.939347
0.611694
0.745441
0.627174
0.916808
0.795394
0.194112
0.438915
0.846026
0.153285
0.259275
0.626961
0.334789
0.791290
0.216618
0.694636
0.740203
0.599131
0.597058
0.750156
0.879987
0.938519
0.684780
0.092969
0.534803
0.428152
0.955161
0.387470
0.202986
0.586465
0.709248
0.336648
0.049097
0.172523
0.591398
0.629944
0.463537
0.661966
0.666257
0.782470
0.967457
0.054114
0.491775
0.257952
0.402679
0.818545
0.292829
0.572449
0.151875
0.564441
0.554939
0.863102
0.163284
0.308249
0.744639
0.153759
0.221470
0.253417
0.187350
0.796253
0.629435
0.917642
0.815732
0.013161
0.192018
0.241306
0.636032
0.781724
0.434474
0.202475
0.996523
0.568343
0.136799
0.175703
0.032360
0.871015
0.152793
0.989432
0.381591
0.392617
0.708292
0.256465
0.404973
0.387856
0.691946
0.539681
0.415960
0.040778
0.357144
0.518295
0.988371
0.549670
0.303062
0.562384
0.991235
0.687797
0.800399
0.309534
0.335315
0.633749
0.424258
0.500206
0.960104
0.474209
0.035588
0.121849
0.924181
0.717429
0.824708
0.861678
0.215040
0.174185
0.528226
0.893130
0.842722
0.623927
0.343277
0.457925
0.347470
0.933559
0.318232
0.521366
0.597939
0.553703
0.080108
0.383029
0.574712
0.191465
0.959906
0.131544
0.851658
0.821924
0.076887
0.232028
0.699349
0.964959
0.057871
0.641363
0.388291
0.005328
0.551962
0.831707
0.491154
0.833213
0.805796
0.018171
0.399806
0.546682
0.077768
0.041554
0.394341
0.691935
0.356505
0.774029
0.098212
0.650806
0.101104
0.248615
0.470427
0.474364
0.630006
0.504006
0.821673
0.860211
0.565608
0.175068
0.364181
0.791233
0.248872
0.784056
0.630903
0.593019
0.862617
0.008849
0.719103
0.958549
0.325605
0.447000
0.735917
0.554913
0.428183
0.476859
0.564889
0.098158
0.745608
0.440527
0.937050
0.996169
0.615685
0.810515
0.323694
0.328520
0.437912
0.985264
0.324785
0.666588
0.339301
0.638568
0.411347
0.506542
0.455256
0.490400
0.154682
0.745911
0.530743
0.193694
0.408488
0.450937
0.892357
0.845768
0.817594
0.297710
0.612545
0.041455
0.733273
0.111780
0.682922
0.870029
0.579744
0.753100
0.351758
0.001107
0.601253
0.254129
0.149079
0.573198
0.736614
0.275473
0.868186
0.606034
0.618905
0.928191
0.111155
0.187565
0.407684
0.952547
0.459937
0.167208
0.258261
0.594794
0.697191
0.686442
0.032419
0.863148
0.935120
0.564916
0.541514
0.229769
0.726424
0.008373
0.727401
0.434631
0.840979
0.331040
0.790614
0.855774
0.994451
0.742847
0.022480
0.814791
0.186732
0.397599
0.448001
0.549807
0.603600
0.700595
0.908878
0.518125
0.131535
0.705477
0.959117
0.880679
0.564864
0.672889
0.245276
0.358530
0.806181
0.490023
0.811418
0.500159
0.172709
0.720420
0.095332
0.249377
0.277960
0.671611
0.759960
0.640243
0.562241
